Date	Day	MaxCore	VerticesInMaxCore	ProcessingTime(ms)
2009-01-19	7	1	18	0.01
2009-01-20	8	1	19	0.00
2009-01-21	9	1	17	0.00
2009-01-22	10	1	11	0.00
2009-01-23	11	1	7	0.00
2009-01-24	12	1	7	167.54
2009-01-25	13	1	5	0.00
2009-01-26	14	1	5	0.00
2009-01-27	15	1	5	0.00
2009-01-28	16	1	5	0.00
2009-01-29	17	1	5	0.00
2009-01-30	18	1	5	0.00
2009-01-31	19	1	5	0.00
2009-02-01	20	1	5	0.00
2009-02-02	21	1	5	0.00
2009-02-03	22	1	5	0.01
2009-02-04	23	1	5	0.00
2009-02-05	24	1	5	0.00
2009-02-06	25	1	5	0.00
2009-02-07	26	1	5	0.00
2009-02-08	27	1	5	0.00
2009-02-09	28	1	5	0.00
2009-02-10	29	1	5	0.00
2009-02-11	30	1	5	0.00
2009-02-12	31	1	5	0.00
2009-02-13	32	1	5	0.00
2009-02-14	33	1	5	0.00
2009-02-15	34	1	5	0.00
2009-02-16	35	1	5	0.00
2009-02-17	36	1	5	0.00
2009-02-18	37	1	5	0.00
2009-02-19	38	1	5	0.00
2009-02-20	39	1	5	0.00
2009-02-21	40	1	5	0.00
2009-02-22	41	1	5	0.00
2009-02-23	42	1	5	0.00
2009-02-24	43	1	5	0.00
2009-02-25	44	1	5	0.00
2009-02-26	45	1	5	0.00
2009-02-27	46	1	5	0.00
2009-02-28	47	1	5	0.00
2009-03-01	48	1	5	0.00
2009-03-02	49	1	5	0.00
2009-03-03	50	1	5	0.00
2009-03-04	51	1	5	0.00
2009-03-05	52	1	5	0.00
2009-03-06	53	1	5	0.00
2009-03-07	54	1	5	0.00
2009-03-08	55	1	5	0.00
2009-03-09	56	1	5	0.00
2009-03-10	57	1	5	0.00
2009-03-11	58	1	5	0.00
2009-03-12	59	1	5	0.00
2009-03-13	60	1	5	0.00
2009-03-14	61	1	5	0.00
2009-03-15	62	1	5	0.00
2009-03-16	63	1	5	0.00
2009-03-17	64	1	5	0.00
2009-03-18	65	1	5	0.00
2009-03-19	66	1	5	0.00
2009-03-20	67	1	5	0.00
2009-03-21	68	1	5	0.00
2009-03-22	69	1	5	0.00
2009-03-23	70	1	5	0.00
2009-03-24	71	1	5	0.00
2009-03-25	72	1	5	0.00
2009-03-26	73	1	5	0.00
2009-03-27	74	1	5	0.00
2009-03-28	75	1	5	0.00
2009-03-29	76	1	5	0.00
2009-03-30	77	1	5	0.00
2009-03-31	78	1	5	0.00
2009-04-01	79	1	5	0.00
2009-04-02	80	1	5	0.00
2009-04-03	81	1	5	0.00
2009-04-04	82	1	5	0.00
2009-04-05	83	1	5	0.00
2009-04-06	84	1	5	0.00
2009-04-07	85	1	5	0.00
2009-04-08	86	1	5	0.00
2009-04-09	87	1	5	0.00
2009-04-10	88	1	5	0.00
2009-04-11	89	1	5	0.00
2009-04-12	90	1	5	0.00
2009-04-13	91	1	5	0.00
2009-04-14	92	1	5	0.00
2009-04-15	93	1	5	0.00
2009-04-16	94	1	5	0.00
2009-04-17	95	1	5	0.00
2009-04-18	96	1	5	0.00
2009-04-19	97	1	5	0.00
2009-04-20	98	1	5	0.00
2009-04-21	99	1	5	0.00
2009-04-22	100	1	5	0.00
2009-04-23	101	1	5	0.00
2009-04-24	102	1	5	0.00
2009-04-25	103	1	5	0.00
2009-04-26	104	1	5	0.00
2009-04-27	105	1	5	0.00
2009-04-28	106	1	5	0.00
2009-04-29	107	1	5	0.00
2009-04-30	108	1	5	0.00
2009-05-01	109	1	5	0.00
2009-05-02	110	1	5	0.00
2009-05-03	111	1	5	0.00
2009-05-04	112	1	5	0.00
2009-05-05	113	1	5	0.00
2009-05-06	114	1	5	0.00
2009-05-07	115	1	5	0.00
2009-05-08	116	1	5	0.00
2009-05-09	117	1	5	0.00
2009-05-10	118	1	5	0.00
2009-05-11	119	1	5	0.00
2009-05-12	120	1	5	0.00
2009-05-13	121	1	5	0.00
2009-05-14	122	1	5	0.00
2009-05-15	123	1	5	0.00
2009-05-16	124	1	5	0.00
2009-05-17	125	1	5	0.00
2009-05-18	126	1	5	0.00
2009-05-19	127	1	5	0.00
2009-05-20	128	1	5	0.00
2009-05-21	129	1	5	0.00
2009-05-22	130	1	5	0.00
2009-05-23	131	1	5	0.00
2009-05-24	132	1	5	0.00
2009-05-25	133	1	5	0.00
2009-05-26	134	1	5	0.00
2009-05-27	135	1	5	0.00
2009-05-28	136	1	5	0.00
2009-05-29	137	1	5	0.00
2009-05-30	138	1	5	0.00
2009-05-31	139	1	5	0.00
2009-06-01	140	1	5	0.00
2009-06-02	141	1	5	0.00
2009-06-03	142	1	5	0.00
2009-06-04	143	1	5	0.00
2009-06-05	144	1	5	0.00
2009-06-06	145	1	5	0.00
2009-06-07	146	1	5	0.00
2009-06-08	147	1	5	0.00
2009-06-09	148	1	5	0.00
2009-06-10	149	1	5	0.00
2009-06-11	150	1	5	0.00
2009-06-12	151	1	5	0.00
2009-06-13	152	1	5	0.00
2009-06-14	153	1	5	0.00
2009-06-15	154	1	5	0.00
2009-06-16	155	1	5	0.00
2009-06-17	156	1	5	0.00
2009-06-18	157	1	5	0.00
2009-06-19	158	1	5	0.00
2009-06-20	159	1	5	0.00
2009-06-21	160	1	5	0.00
2009-06-22	161	1	5	0.00
2009-06-23	162	1	5	0.00
2009-06-24	163	1	5	0.00
2009-06-25	164	1	5	0.00
2009-06-26	165	1	5	0.00
2009-06-27	166	1	5	0.00
2009-06-28	167	1	5	0.00
2009-06-29	168	1	5	0.00
2009-06-30	169	1	5	0.00
2009-07-01	170	1	5	0.00
2009-07-02	171	1	5	0.00
2009-07-03	172	1	5	0.00
2009-07-04	173	1	5	0.00
2009-07-05	174	1	5	0.00
2009-07-06	175	1	5	0.00
2009-07-07	176	1	5	0.00
2009-07-08	177	1	5	0.00
2009-07-09	178	1	5	0.00
2009-07-10	179	1	5	0.00
2009-07-11	180	1	5	0.00
2009-07-12	181	1	5	0.00
2009-07-13	182	1	5	0.00
2009-07-14	183	1	5	0.00
2009-07-15	184	1	5	0.00
2009-07-16	185	1	5	0.00
2009-07-17	186	1	5	0.00
2009-07-18	187	1	5	0.00
2009-07-19	188	1	5	0.00
2009-07-20	189	1	5	0.00
2009-07-21	190	1	5	0.00
2009-07-22	191	1	5	0.00
2009-07-23	192	1	5	0.00
2009-07-24	193	1	5	0.00
2009-07-25	194	1	5	0.00
2009-07-26	195	1	5	0.00
2009-07-27	196	1	5	0.00
2009-07-28	197	1	5	0.00
2009-07-29	198	1	5	0.00
2009-07-30	199	1	5	0.00
2009-07-31	200	1	5	0.00
2009-08-01	201	1	5	0.00
2009-08-02	202	1	5	0.00
2009-08-03	203	1	5	0.00
2009-08-04	204	1	5	0.00
2009-08-05	205	1	5	0.00
2009-08-06	206	1	5	0.00
2009-08-07	207	1	5	0.00
2009-08-08	208	1	5	0.00
2009-08-09	209	1	5	0.00
2009-08-10	210	1	5	0.00
2009-08-11	211	1	5	0.00
2009-08-12	212	1	5	0.00
2009-08-13	213	1	5	0.00
2009-08-14	214	1	5	0.00
2009-08-15	215	1	5	0.00
2009-08-16	216	1	5	0.00
2009-08-17	217	1	5	0.00
2009-08-18	218	1	5	0.00
2009-08-19	219	1	5	0.00
2009-08-20	220	1	5	0.00
2009-08-21	221	1	5	0.00
2009-08-22	222	1	5	0.00
2009-08-23	223	1	5	0.00
2009-08-24	224	1	5	0.00
2009-08-25	225	1	5	0.00
2009-08-26	226	1	5	0.00
2009-08-27	227	1	5	0.00
2009-08-28	228	1	5	0.00
2009-08-29	229	1	5	0.00
2009-08-30	230	1	5	0.00
2009-08-31	231	1	5	0.00
2009-09-01	232	1	5	0.00
2009-09-02	233	1	5	0.00
2009-09-03	234	1	5	0.00
2009-09-04	235	1	5	0.00
2009-09-05	236	1	5	0.00
2009-09-06	237	1	5	0.00
2009-09-07	238	1	5	0.00
2009-09-08	239	1	5	0.00
2009-09-09	240	1	5	0.00
2009-09-10	241	1	5	0.00
2009-09-11	242	1	5	0.00
2009-09-12	243	1	5	0.00
2009-09-13	244	1	5	0.00
2009-09-14	245	1	5	0.00
2009-09-15	246	1	5	0.00
2009-09-16	247	1	5	0.00
2009-09-17	248	1	5	0.00
2009-09-18	249	1	5	0.00
2009-09-19	250	1	5	0.00
2009-09-20	251	1	5	0.00
2009-09-21	252	1	5	0.00
2009-09-22	253	1	5	0.00
2009-09-23	254	1	5	0.00
2009-09-24	255	1	5	0.00
2009-09-25	256	1	5	0.00
2009-09-26	257	1	5	0.00
2009-09-27	258	1	5	0.00
2009-09-28	259	1	5	0.00
2009-09-29	260	1	5	0.00
2009-09-30	261	1	5	0.00
2009-10-01	262	1	5	0.00
2009-10-02	263	1	5	0.00
2009-10-03	264	1	5	0.00
2009-10-04	265	1	5	0.00
2009-10-05	266	1	5	0.00
2009-10-06	267	1	5	0.00
2009-10-07	268	1	5	0.00
2009-10-08	269	1	5	0.00
2009-10-09	270	1	5	0.00
2009-10-10	271	1	5	0.00
2009-10-11	272	1	5	0.00
2009-10-12	273	1	5	0.00
2009-10-13	274	1	5	0.00
2009-10-14	275	1	5	0.00
2009-10-15	276	1	5	0.00
2009-10-16	277	1	5	0.00
2009-10-17	278	1	5	0.00
2009-10-18	279	1	5	0.00
2009-10-19	280	1	5	0.00
2009-10-20	281	1	5	0.00
2009-10-21	282	1	5	0.00
2009-10-22	283	1	5	0.00
2009-10-23	284	1	5	0.00
2009-10-24	285	1	5	0.00
2009-10-25	286	1	5	0.00
2009-10-26	287	1	5	0.00
2009-10-27	288	1	5	0.00
2009-10-28	289	1	5	0.00
2009-10-29	290	1	5	0.00
2009-10-30	291	1	5	0.00
2009-10-31	292	1	5	0.00
2009-11-01	293	1	5	0.00
2009-11-02	294	1	5	0.00
2009-11-03	295	1	5	0.00
2009-11-04	296	1	5	0.00
2009-11-05	297	1	5	0.00
2009-11-06	298	1	5	0.00
2009-11-07	299	1	5	0.00
2009-11-08	300	1	5	0.00
2009-11-09	301	1	5	0.00
2009-11-10	302	1	5	0.00
2009-11-11	303	1	5	0.00
2009-11-12	304	1	5	0.00
2009-11-13	305	1	5	0.00
2009-11-14	306	1	5	0.00
2009-11-15	307	1	5	0.00
2009-11-16	308	1	5	0.00
2009-11-17	309	1	5	0.00
2009-11-18	310	1	5	0.00
2009-11-19	311	1	5	0.00
2009-11-20	312	1	5	0.00
2009-11-21	313	1	5	0.00
2009-11-22	314	1	5	0.00
2009-11-23	315	1	5	0.00
2009-11-24	316	1	5	0.00
2009-11-25	317	1	5	0.00
2009-11-26	318	1	5	0.00
2009-11-27	319	1	5	0.00
2009-11-28	320	1	5	0.00
2009-11-29	321	1	5	0.00
2009-11-30	322	1	5	0.00
2009-12-01	323	1	5	0.00
2009-12-02	324	1	5	0.00
2009-12-03	325	1	5	0.00
2009-12-04	326	1	5	0.00
2009-12-05	327	1	5	0.00
2009-12-06	328	1	5	0.00
2009-12-07	329	1	5	0.00
2009-12-08	330	1	5	0.00
2009-12-09	331	1	5	0.01
2009-12-10	332	1	5	0.00
2009-12-11	333	1	5	0.00
2009-12-12	334	1	5	0.00
2009-12-13	335	1	5	0.00
2009-12-14	336	1	5	0.01
2009-12-15	337	1	5	0.01
2009-12-16	338	1	5	0.00
2009-12-17	339	1	5	0.00
2009-12-18	340	1	5	0.00
2009-12-19	341	1	5	0.00
2009-12-20	342	1	5	0.00
2009-12-21	343	1	5	0.00
2009-12-22	344	1	5	0.00
2009-12-23	345	1	5	0.00
2009-12-24	346	1	5	0.00
2009-12-25	347	1	5	0.00
2009-12-26	348	1	5	0.00
2009-12-27	349	1	5	0.00
2009-12-28	350	1	5	0.00
2009-12-29	351	1	5	0.00
2009-12-30	352	1	5	0.00
2009-12-31	353	1	5	0.00
2010-01-01	354	1	5	0.00
2010-01-02	355	1	5	0.00
2010-01-03	356	1	5	0.00
2010-01-04	357	1	5	0.00
2010-01-05	358	1	5	0.00
2010-01-06	359	1	5	0.00
2010-01-07	360	1	5	0.00
2010-01-08	361	1	5	0.00
2010-01-09	362	1	5	0.00
2010-01-10	363	1	5	0.00
2010-01-11	364	1	5	0.00
2010-01-12	365	1	5	0.00
2010-01-13	366	1	5	0.00
2010-01-14	367	1	5	0.00
2010-01-15	368	1	5	0.00
2010-01-16	369	1	5	0.00
2010-01-17	370	1	5	0.00
2010-01-18	371	1	5	0.00
2010-01-19	372	1	5	0.00
2010-01-20	373	1	5	0.00
2010-01-21	374	1	5	0.01
2010-01-22	375	1	5	0.00
2010-01-23	376	1	5	0.00
2010-01-24	377	1	5	0.00
2010-01-25	378	1	5	0.00
2010-01-26	379	1	5	0.01
2010-01-27	380	1	5	0.00
2010-01-28	381	1	5	0.01
2010-01-29	382	1	5	0.01
2010-01-30	383	1	5	0.01
2010-01-31	384	1	5	0.01
2010-02-01	385	1	5	0.01
2010-02-02	386	1	5	0.00
2010-02-03	387	1	5	0.00
2010-02-04	388	1	5	0.01
2010-02-05	389	1	5	0.01
2010-02-06	390	1	5	0.00
2010-02-07	391	1	5	0.01
2010-02-08	392	1	5	0.01
2010-02-09	393	1	5	0.10
2010-02-10	394	1	5	0.01
2010-02-11	395	1	5	0.01
2010-02-12	396	1	5	0.01
2010-02-13	397	1	5	0.01
2010-02-14	398	1	5	0.01
2010-02-15	399	1	5	0.01
2010-02-16	400	1	5	0.01
2010-02-17	401	1	5	0.01
2010-02-18	402	1	5	0.01
2010-02-19	403	1	5	0.00
2010-02-20	404	1	5	0.01
2010-02-21	405	1	5	0.01
2010-02-22	406	1	5	0.01
2010-02-23	407	1	5	0.00
2010-02-24	408	1	5	0.01
2010-02-25	409	1	5	0.01
2010-02-26	410	1	5	0.01
2010-02-27	411	1	5	0.01
2010-02-28	412	1	5	0.01
2010-03-01	413	1	5	0.01
2010-03-02	414	1	5	0.01
2010-03-03	415	1	5	0.01
2010-03-04	416	1	5	0.01
2010-03-05	417	1	5	0.01
2010-03-06	418	1	5	0.00
2010-03-07	419	1	5	0.01
2010-03-08	420	1	5	0.01
2010-03-09	421	1	5	0.00
2010-03-10	422	1	5	0.01
2010-03-11	423	1	5	0.01
2010-03-12	424	1	5	0.00
2010-03-13	425	1	5	0.01
2010-03-14	426	1	5	0.00
2010-03-15	427	1	5	0.01
2010-03-16	428	1	5	0.00
2010-03-17	429	1	5	0.01
2010-03-18	430	1	5	0.01
2010-03-19	431	1	5	0.01
2010-03-20	432	1	5	0.01
2010-03-21	433	1	5	0.01
2010-03-22	434	1	5	0.01
2010-03-23	435	1	5	0.01
2010-03-24	436	1	5	0.01
2010-03-25	437	1	5	0.02
2010-03-26	438	1	5	0.02
2010-03-27	439	1	5	0.02
2010-03-28	440	1	5	0.01
2010-03-29	441	1	5	0.02
2010-03-30	442	1	5	0.02
2010-03-31	443	1	5	0.02
2010-04-01	444	1	5	0.02
2010-04-02	445	1	5	0.02
2010-04-03	446	1	5	0.01
2010-04-04	447	1	5	0.02
2010-04-05	448	1	5	0.03
2010-04-06	449	1	5	0.02
2010-04-07	450	1	5	0.21
2010-04-08	451	1	5	0.02
2010-04-09	452	1	5	0.03
2010-04-10	453	1	5	0.04
2010-04-11	454	1	5	0.05
2010-04-12	455	1	5	0.05
2010-04-13	456	1	5	0.30
2010-04-14	457	1	5	0.07
2010-04-15	458	1	5	0.06
2010-04-16	459	1	5	0.05
2010-04-17	460	1	5	0.06
2010-04-18	461	1	5	34.60
2010-04-19	462	1	5	0.30
2010-04-20	463	1	5	0.41
2010-04-21	464	1	5	0.31
2010-04-22	465	1	5	0.29
2010-04-23	466	1	5	0.27
2010-04-24	467	1	5	0.28
2010-04-25	468	1	5	0.49
2010-04-26	469	1	5	0.05
2010-04-27	470	1	5	0.05
2010-04-28	471	1	5	0.05
2010-04-29	472	1	5	0.04
2010-04-30	473	1	5	0.04
2010-05-01	474	1	5	0.05
2010-05-02	475	1	5	0.04
2010-05-03	476	1	5	0.04
2010-05-04	477	1	5	0.05
2010-05-05	478	1	5	0.03
2010-05-06	479	1	5	0.04
2010-05-07	480	1	5	0.03
2010-05-08	481	1	5	0.04
2010-05-09	482	1	5	0.04
2010-05-10	483	1	5	0.04
2010-05-11	484	1	5	0.03
2010-05-12	485	1	5	0.04
2010-05-13	486	1	5	0.05
2010-05-14	487	1	5	0.04
2010-05-15	488	1	5	0.04
2010-05-16	489	1	5	0.03
2010-05-17	490	1	5	0.04
2010-05-18	491	1	5	0.06
2010-05-19	492	1	5	0.05
2010-05-20	493	1	5	0.05
2010-05-21	494	1	5	0.06
2010-05-22	495	1	5	0.07
2010-05-23	496	1	5	0.07
2010-05-24	497	1	5	0.07
2010-05-25	498	1	5	0.07
2010-05-26	499	1	5	0.08
2010-05-27	500	1	5	0.07
2010-05-28	501	1	5	0.07
2010-05-29	502	1	5	0.08
2010-05-30	503	1	5	0.06
2010-05-31	504	1	5	0.06
2010-06-01	505	1	5	0.07
2010-06-02	506	1	5	0.08
2010-06-03	507	1	5	0.10
2010-06-04	508	1	5	0.07
2010-06-05	509	1	5	0.07
2010-06-06	510	1	5	0.09
2010-06-07	511	1	5	0.12
2010-06-08	512	1	5	0.08
2010-06-09	513	1	5	0.07
2010-06-10	514	1	5	0.09
2010-06-11	515	1	5	0.08
2010-06-12	516	1	5	0.08
2010-06-13	517	1	5	0.10
2010-06-14	518	1	5	0.11
2010-06-15	519	1	5	0.12
2010-06-16	520	1	5	0.08
2010-06-17	521	1	5	0.09
2010-06-18	522	1	5	0.08
2010-06-19	523	1	5	0.08
2010-06-20	524	1	5	0.07
2010-06-21	525	1	5	0.11
2010-06-22	526	1	5	0.09
2010-06-23	527	1	5	0.09
2010-06-24	528	1	5	0.09
2010-06-25	529	1	5	0.07
2010-06-26	530	1	5	0.07
2010-06-27	531	1	5	0.08
2010-06-28	532	1	5	0.11
2010-06-29	533	1	5	0.10
2010-06-30	534	1	5	0.11
2010-07-01	535	1	5	0.11
2010-07-02	536	1	5	0.12
2010-07-03	537	1	5	0.11
2010-07-04	538	1	5	0.11
2010-07-05	539	1	5	0.12
2010-07-06	540	1	5	0.11
2010-07-07	541	1	5	0.12
2010-07-08	542	1	5	0.10
2010-07-09	543	1	5	0.10
2010-07-10	544	1	5	0.07
2010-07-11	545	1	5	0.32
2010-07-12	546	1	5	1.00
2010-07-13	547	1	5	0.55
2010-07-14	548	1	5	61.07
2010-07-15	549	1	5	1.58
2010-07-16	550	1	5	1.47
2010-07-17	551	1	5	0.93
2010-07-18	552	1	5	0.75
2010-07-19	553	1	5	1.05
2010-07-20	554	1	5	1.11
2010-07-21	555	1	5	0.99
2010-07-22	556	1	5	0.26
2010-07-23	557	1	5	0.24
2010-07-24	558	1	5	0.36
2010-07-25	559	1	5	6.75
2010-07-26	560	1	5	0.34
2010-07-27	561	1	5	0.35
2010-07-28	562	1	5	0.17
2010-07-29	563	1	5	0.30
2010-07-30	564	1	5	0.16
2010-07-31	565	1	5	0.28
2010-08-01	566	1	5	0.34
2010-08-02	567	1	5	0.18
2010-08-03	568	1	5	0.32
2010-08-04	569	1	5	0.19
2010-08-05	570	1	5	0.33
2010-08-06	571	1	5	0.17
2010-08-07	572	1	5	0.15
2010-08-08	573	1	5	0.21
2010-08-09	574	1	5	0.22
2010-08-10	575	1	5	0.20
2010-08-11	576	1	5	0.20
2010-08-12	577	1	5	0.29
2010-08-13	578	1	5	0.16
2010-08-14	579	1	5	0.17
2010-08-15	580	1	5	0.17
2010-08-16	581	1	5	0.26
2010-08-17	582	1	5	0.18
2010-08-18	583	1	5	0.22
2010-08-19	584	1	5	0.21
2010-08-20	585	1	5	0.20
2010-08-21	586	1	5	0.18
2010-08-22	587	1	5	0.16
2010-08-23	588	1	5	0.21
2010-08-24	589	1	5	0.18
2010-08-25	590	1	5	0.19
2010-08-26	591	1	5	0.18
2010-08-27	592	1	5	0.16
2010-08-28	593	1	5	0.18
2010-08-29	594	1	5	0.14
2010-08-30	595	1	5	0.24
2010-08-31	596	1	5	0.25
2010-09-01	597	1	5	0.26
2010-09-02	598	1	5	0.21
2010-09-03	599	1	5	0.18
2010-09-04	600	1	5	0.19
2010-09-05	601	1	5	0.18
2010-09-06	602	1	5	0.23
2010-09-07	603	1	5	0.18
2010-09-08	604	1	5	0.22
2010-09-09	605	1	5	0.22
2010-09-10	606	1	5	0.18
2010-09-11	607	1	5	0.18
2010-09-12	608	1	5	0.22
2010-09-13	609	1	5	0.28
2010-09-14	610	1	5	0.28
2010-09-15	611	1	5	0.29
2010-09-16	612	1	5	0.26
2010-09-17	613	1	5	0.25
2010-09-18	614	1	5	0.23
2010-09-19	615	1	5	0.24
2010-09-20	616	1	5	0.32
2010-09-21	617	1	5	0.51
2010-09-22	618	1	5	0.55
2010-09-23	619	1	5	0.48
2010-09-24	620	1	5	0.44
2010-09-25	621	1	5	0.51
2010-09-26	622	1	5	0.58
2010-09-27	623	1	5	0.49
2010-09-28	624	1	5	0.50
2010-09-29	625	1	5	0.91
2010-09-30	626	1	5	0.54
2010-10-01	627	1	5	0.41
2010-10-02	628	1	5	0.43
2010-10-03	629	1	5	0.31
2010-10-04	630	1	5	0.35
2010-10-05	631	1	5	0.39
2010-10-06	632	1	5	0.38
2010-10-07	633	1	5	0.30
2010-10-08	634	1	5	0.26
2010-10-09	635	1	5	0.28
2010-10-10	636	1	5	0.23
2010-10-11	637	1	5	0.22
2010-10-12	638	1	5	0.23
2010-10-13	639	1	5	0.23
2010-10-14	640	1	5	0.19
2010-10-15	641	1	5	0.20
2010-10-16	642	1	5	0.21
2010-10-17	643	1	5	0.20
2010-10-18	644	1	5	0.33
2010-10-19	645	1	5	0.42
2010-10-20	646	1	5	0.40
2010-10-21	647	1	5	0.37
2010-10-22	648	1	5	0.42
2010-10-23	649	1	5	0.43
2010-10-24	650	1	5	0.41
2010-10-25	651	1	5	0.41
2010-10-26	652	1	5	0.40
2010-10-27	653	1	5	0.41
2010-10-28	654	1	5	0.37
2010-10-29	655	1	5	0.29
2010-10-30	656	1	5	0.23
2010-10-31	657	1	5	0.20
2010-11-01	658	1	5	0.20
2010-11-02	659	1	5	0.20
2010-11-03	660	1	5	0.25
2010-11-04	661	1	5	0.21
2010-11-05	662	1	5	0.22
2010-11-06	663	1	5	0.21
2010-11-07	664	1	5	0.19
2010-11-08	665	1	5	0.25
2010-11-09	666	1	5	0.21
2010-11-10	667	1	5	0.23
2010-11-11	668	1	5	0.22
2010-11-12	669	1	5	0.19
2010-11-13	670	1	5	0.20
2010-11-14	671	1	5	0.22
2010-11-15	672	1	5	18.78
2010-11-16	673	1	5	8.30
2010-11-17	674	1	5	0.16
2010-11-18	675	1	5	0.33
2010-11-19	676	1	5	0.17
2010-11-20	677	1	5	0.35
2010-11-21	678	1	5	0.32
2010-11-22	679	1	5	0.90
2010-11-23	680	1	5	0.33
2010-11-24	681	1	5	0.28
2010-11-25	682	1	5	0.28
2010-11-26	683	1	5	0.52
2010-11-27	684	1	5	0.34
2010-11-28	685	1	5	0.37
2010-11-29	686	1	5	0.34
2010-11-30	687	1	5	0.35
2010-12-01	688	1	5	0.39
2010-12-02	689	1	5	0.34
2010-12-03	690	1	5	0.39
2010-12-04	691	1	5	0.29
2010-12-05	692	1	5	0.28
2010-12-06	693	1	5	0.31
2010-12-07	694	1	5	0.37
2010-12-08	695	1	5	0.34
2010-12-09	696	1	5	0.31
2010-12-10	697	1	5	0.31
2010-12-11	698	1	5	0.36
2010-12-12	699	1	5	0.46
2010-12-13	700	1	5	0.45
2010-12-14	701	1	5	0.47
2010-12-15	702	1	5	0.44
2010-12-16	703	1	5	0.43
2010-12-17	704	1	5	0.38
2010-12-18	705	1	5	0.45
2010-12-19	706	1	5	0.48
2010-12-20	707	1	5	0.79
2010-12-21	708	1	5	0.57
2010-12-22	709	1	5	0.55
2010-12-23	710	1	5	0.47
2010-12-24	711	1	5	0.42
2010-12-25	712	1	5	0.49
2010-12-26	713	1	5	0.49
2010-12-27	714	1	5	0.53
2010-12-28	715	1	5	0.51
2010-12-29	716	1	5	0.47
2010-12-30	717	1	5	0.48
2010-12-31	718	1	5	0.46
2011-01-01	719	1	5	0.52
2011-01-02	720	1	5	0.54
2011-01-03	721	1	5	0.65
2011-01-04	722	1	5	0.62
2011-01-05	723	1	5	0.69
2011-01-06	724	1	5	0.50
2011-01-07	725	1	5	0.72
2011-01-08	726	1	5	0.75
2011-01-09	727	1	5	0.74
2011-01-10	728	1	5	0.82
2011-01-11	729	1	5	0.83
2011-01-12	730	1	5	0.70
2011-01-13	731	1	5	0.77
2011-01-14	732	1	5	0.80
2011-01-15	733	1	5	0.80
2011-01-16	734	1	5	0.80
2011-01-17	735	1	5	0.76
2011-01-18	736	1	5	0.78
2011-01-19	737	1	5	0.84
2011-01-20	738	1	5	0.94
2011-01-21	739	1	5	0.98
2011-01-22	740	1	5	1.24
2011-01-23	741	1	5	1.02
2011-01-24	742	1	5	1.21
2011-01-25	743	1	5	1.03
2011-01-26	744	1	5	1.00
2011-01-27	745	1	5	1.02
2011-01-28	746	1	5	1.32
2011-01-29	747	1	5	1.44
2011-01-30	748	1	5	13.64
2011-01-31	749	1	5	1.61
2011-02-01	750	1	5	1.35
2011-02-02	751	1	5	1.16
2011-02-03	752	1	5	0.83
2011-02-04	753	1	5	0.95
2011-02-05	754	1	5	0.83
2011-02-06	755	1	5	1.07
2011-02-07	756	1	5	0.82
2011-02-08	757	1	5	0.84
2011-02-09	758	1	5	1.09
2011-02-10	759	1	5	1.85
2011-02-11	760	1	5	2.01
2011-02-12	761	1	5	1.65
2011-02-13	762	1	5	1.71
2011-02-14	763	1	5	2.06
2011-02-15	764	1	5	2.45
2011-02-16	765	1	5	2.28
2011-02-17	766	1	5	2.90
2011-02-18	767	1	5	2.69
2011-02-19	768	1	5	2.04
2011-02-20	769	1	5	2.57
2011-02-21	770	1	5	2.58
2011-02-22	771	1	5	2.76
2011-02-23	772	1	5	2.99
2011-02-24	773	1	5	2.99
2011-02-25	774	1	5	2.92
2011-02-26	775	1	5	3.11
2011-02-27	776	1	5	3.58
2011-02-28	777	1	5	3.08
2011-03-01	778	1	5	4.16
2011-03-02	779	1	5	3.43
2011-03-03	780	1	5	5.40
2011-03-04	781	1	5	3.12
2011-03-05	782	1	5	2.76
2011-03-06	783	1	5	2.52
2011-03-07	784	1	5	2.71
2011-03-08	785	1	5	3.40
2011-03-09	786	1	5	2.38
2011-03-10	787	1	5	2.31
2011-03-11	788	1	5	2.22
2011-03-12	789	1	5	1.95
2011-03-13	790	1	5	1.88
2011-03-14	791	1	5	1.88
2011-03-15	792	1	5	2.11
2011-03-16	793	1	5	1.74
2011-03-17	794	1	5	1.96
2011-03-18	795	1	5	2.05
2011-03-19	796	1	5	1.92
2011-03-20	797	1	5	10.16
2011-03-21	798	1	5	3.06
2011-03-22	799	1	5	2.07
2011-03-23	800	1	5	3.85
2011-03-24	801	1	5	2.01
2011-03-25	802	1	5	2.28
2011-03-26	803	1	5	5.84
2011-03-27	804	1	5	3.79
2011-03-28	805	1	5	5.05
2011-03-29	806	1	5	3.03
2011-03-30	807	1	5	2.82
2011-03-31	808	1	5	2.77
2011-04-01	809	1	5	2.13
2011-04-02	810	1	5	2.68
2011-04-03	811	1	5	2.26
2011-04-04	812	1	5	2.76
2011-04-05	813	1	5	2.31
2011-04-06	814	1	5	2.10
2011-04-07	815	1	5	1.97
2011-04-08	816	1	5	2.18
2011-04-09	817	1	5	2.29
2011-04-10	818	1	5	2.23
2011-04-11	819	1	5	2.41
2011-04-12	820	1	5	3.05
2011-04-13	821	1	5	2.93
2011-04-14	822	1	5	2.84
2011-04-15	823	1	5	3.25
2011-04-16	824	1	5	2.81
2011-04-17	825	1	5	3.91
2011-04-18	826	1	5	4.58
2011-04-19	827	1	5	6.81
2011-04-20	828	1	5	4.49
2011-04-21	829	1	5	3.45
2011-04-22	830	1	5	3.19
2011-04-23	831	1	5	4.48
2011-04-24	832	1	5	3.77
2011-04-25	833	1	5	4.14
2011-04-26	834	1	5	6.86
2011-04-27	835	1	5	11.93
2011-04-28	836	1	5	5.01
2011-04-29	837	1	5	7.42
2011-04-30	838	1	5	8.58
2011-05-01	839	1	5	8.21
2011-05-02	840	1	5	7.74
2011-05-03	841	1	5	8.17
2011-05-04	842	1	5	5.68
2011-05-05	843	1	5	7.97
2011-05-06	844	1	5	6.34
2011-05-07	845	1	5	7.58
2011-05-08	846	1	5	5.91
2011-05-09	847	1	5	5.75
2011-05-10	848	1	5	5.61
2011-05-11	849	1	5	4.76
2011-05-12	850	1	5	5.72
2011-05-13	851	1	5	6.30
2011-05-14	852	1	5	6.41
2011-05-15	853	1	5	6.24
2011-05-16	854	1	5	7.97
2011-05-17	855	1	5	7.76
2011-05-18	856	1	5	10.01
2011-05-19	857	1	5	9.65
2011-05-20	858	1	5	8.43
2011-05-21	859	1	5	7.64
2011-05-22	860	1	5	8.69
2011-05-23	861	1	5	9.04
2011-05-24	862	1	5	9.83
2011-05-25	863	1	5	11.29
2011-05-26	864	1	5	11.36
2011-05-27	865	1	5	9.60
2011-05-28	866	1	5	9.41
2011-05-29	867	1	5	8.47
2011-05-30	868	1	5	10.64
2011-05-31	869	1	5	11.70
2011-06-01	870	1	5	11.67
2011-06-02	871	1	5	14.07
2011-06-03	872	1	5	16.98
2011-06-04	873	1	5	20.45
2011-06-05	874	1	5	20.50
2011-06-06	875	1	5	25.93
2011-06-07	876	1	5	26.14
2011-06-08	877	1	5	43.02
2011-06-09	878	1	5	39.50
2011-06-10	879	1	5	33.46
2011-06-11	880	1	5	30.89
2011-06-12	881	1	5	37.45
2011-06-13	882	1	5	35.47
2011-06-14	883	1	5	38.20
2011-06-15	884	1	5	27.05
2011-06-16	885	1	5	23.65
2011-06-17	886	1	5	21.45
2011-06-18	887	1	5	21.94
2011-06-19	888	1	5	18.15
2011-06-20	889	1	5	20.73
2011-06-21	890	1	5	19.16
2011-06-22	891	1	5	18.20
2011-06-23	892	1	5	17.62
2011-06-24	893	1	5	17.92
2011-06-25	894	1	5	22.65
2011-06-26	895	1	5	37.07
2011-06-27	896	1	5	55.22
2011-06-28	897	1	5	60.93
2011-06-29	898	1	5	62.90
2011-06-30	899	1	5	68.23
2011-07-01	900	1	5	78.31
2011-07-02	901	1	5	70.87
2011-07-03	902	1	5	60.49
2011-07-04	903	1	5	75.12
2011-07-05	904	1	5	68.80
2011-07-06	905	1	5	81.36
2011-07-07	906	1	5	64.30
2011-07-08	907	1	5	64.31
2011-07-09	908	1	5	52.89
2011-07-10	909	1	5	64.01
2011-07-11	910	1	5	64.52
2011-07-12	911	1	5	54.18
2011-07-13	912	1	5	48.20
2011-07-14	913	1	5	56.54
2011-07-15	914	1	5	52.24
2011-07-16	915	1	5	54.36
2011-07-17	916	1	5	49.60
2011-07-18	917	1	5	65.51
2011-07-19	918	1	5	62.33
2011-07-20	919	1	5	58.17
2011-07-21	920	1	5	59.37
2011-07-22	921	1	5	54.55
2011-07-23	922	1	5	46.21
2011-07-24	923	1	5	53.63
2011-07-25	924	1	5	72.35
2011-07-26	925	1	5	61.38
2011-07-27	926	1	5	57.90
2011-07-28	927	1	5	53.19
2011-07-29	928	1	5	48.05
2011-07-30	929	1	5	41.50
2011-07-31	930	1	5	56.80
2011-08-01	931	1	5	57.57
2011-08-02	932	1	5	61.82
2011-08-03	933	1	5	65.97
2011-08-04	934	1	5	66.57
2011-08-05	935	1	5	65.31
2011-08-06	936	1	5	77.98
2011-08-07	937	1	5	66.67
2011-08-08	938	1	5	63.03
2011-08-09	939	1	5	106.35
2011-08-10	940	1	5	83.01
2011-08-11	941	1	5	82.02
2011-08-12	942	1	5	74.18
2011-08-13	943	1	5	64.88
2011-08-14	944	1	5	82.11
2011-08-15	945	1	5	87.04
2011-08-16	946	1	5	84.61
2011-08-17	947	1	5	74.99
2011-08-18	948	1	5	66.47
2011-08-19	949	1	5	79.94
2011-08-20	950	1	5	59.66
2011-08-21	951	1	5	59.95
2011-08-22	952	1	5	62.81
2011-08-23	953	1	5	60.77
2011-08-24	954	1	5	54.13
2011-08-25	955	1	5	56.97
2011-08-26	956	1	5	60.88
2011-08-27	957	1	5	48.93
2011-08-28	958	1	5	45.35
2011-08-29	959	1	5	54.99
2011-08-30	960	1	5	55.33
2011-08-31	961	1	5	57.56
2011-09-01	962	1	5	52.78
2011-09-02	963	1	5	52.97
2011-09-03	964	1	5	43.84
2011-09-04	965	1	5	53.92
2011-09-05	966	1	5	59.22
2011-09-06	967	1	5	68.21
2011-09-07	968	1	5	59.17
2011-09-08	969	1	5	70.37
2011-09-09	970	1	5	91.93
2011-09-10	971	1	5	62.95
2011-09-11	972	1	5	86.69
2011-09-12	973	1	5	77.76
2011-09-13	974	1	5	77.78
2011-09-14	975	1	5	63.81
2011-09-15	976	1	5	69.19
2011-09-16	977	1	5	51.69
2011-09-17	978	1	5	47.50
2011-09-18	979	1	5	50.36
2011-09-19	980	1	5	62.34
2011-09-20	981	1	5	79.66
2011-09-21	982	1	5	77.01
2011-09-22	983	1	5	57.34
2011-09-23	984	1	5	63.38
2011-09-24	985	1	5	55.72
2011-09-25	986	1	5	51.34
2011-09-26	987	1	5	45.26
2011-09-27	988	1	5	51.24
2011-09-28	989	1	5	42.04
2011-09-29	990	1	5	37.82
2011-09-30	991	1	5	41.12
2011-10-01	992	1	5	35.86
2011-10-02	993	1	5	36.75
2011-10-03	994	1	5	42.71
2011-10-04	995	1	5	41.71
2011-10-05	996	1	5	41.48
2011-10-06	997	1	5	44.16
2011-10-07	998	1	5	46.92
2011-10-08	999	1	5	42.69
2011-10-09	1000	1	5	41.42
2011-10-10	1001	1	5	46.44
2011-10-11	1002	1	5	49.08
2011-10-12	1003	1	5	44.09
2011-10-13	1004	1	5	39.42
2011-10-14	1005	1	5	42.62
2011-10-15	1006	1	5	38.98
2011-10-16	1007	1	5	35.21
2011-10-17	1008	1	5	48.88
2011-10-18	1009	1	5	33.03
2011-10-19	1010	1	5	39.30
2011-10-20	1011	1	5	27.66
2011-10-21	1012	1	5	26.63
2011-10-22	1013	1	5	33.41
2011-10-23	1014	1	5	36.46
2011-10-24	1015	1	5	38.48
2011-10-25	1016	1	5	35.57
2011-10-26	1017	1	5	38.37
2011-10-27	1018	1	5	40.76
2011-10-28	1019	1	5	47.11
2011-10-29	1020	1	5	51.92
2011-10-30	1021	1	5	34.63
2011-10-31	1022	1	5	41.43
2011-11-01	1023	1	5	45.52
2011-11-02	1024	1	5	49.22
2011-11-03	1025	1	5	46.51
2011-11-04	1026	1	5	57.21
2011-11-05	1027	1	5	43.23
2011-11-06	1028	1	5	39.74
2011-11-07	1029	1	5	40.39
2011-11-08	1030	1	5	56.33
2011-11-09	1031	1	5	58.14
2011-11-10	1032	1	5	58.73
2011-11-11	1033	1	5	47.32
2011-11-12	1034	1	5	39.07
2011-11-13	1035	1	5	49.19
2011-11-14	1036	1	5	62.52
2011-11-15	1037	1	5	65.29
2011-11-16	1038	1	5	59.89
2011-11-17	1039	1	5	52.04
2011-11-18	1040	1	5	54.74
2011-11-19	1041	1	5	43.75
2011-11-20	1042	1	5	45.50
2011-11-21	1043	1	5	48.80
2011-11-22	1044	1	5	51.65
2011-11-23	1045	1	5	47.04
2011-11-24	1046	1	5	43.85
2011-11-25	1047	1	5	42.72
2011-11-26	1048	1	5	39.76
2011-11-27	1049	1	5	43.05
2011-11-28	1050	1	5	59.11
2011-11-29	1051	1	5	67.11
2011-11-30	1052	1	5	64.71
2011-12-01	1053	1	5	69.03
2011-12-02	1054	1	5	68.60
2011-12-03	1055	1	5	58.11
2011-12-04	1056	1	5	61.67
2011-12-05	1057	1	5	70.25
2011-12-06	1058	1	5	79.12
2011-12-07	1059	1	5	72.42
2011-12-08	1060	1	5	75.16
2011-12-09	1061	1	5	69.95
2011-12-10	1062	1	5	52.96
2011-12-11	1063	1	5	53.19
2011-12-12	1064	1	5	51.61
2011-12-13	1065	1	5	53.18
2011-12-14	1066	1	5	53.07
2011-12-15	1067	1	5	48.34
2011-12-16	1068	1	5	46.57
2011-12-17	1069	1	5	37.17
2011-12-18	1070	1	5	35.22
2011-12-19	1071	1	5	56.10
2011-12-20	1072	1	5	63.58
2011-12-21	1073	1	5	49.20
2011-12-22	1074	1	5	55.57
2011-12-23	1075	1	5	57.46
2011-12-24	1076	1	5	49.94
2011-12-25	1077	1	5	55.75
2011-12-26	1078	1	5	64.34
2011-12-27	1079	1	5	54.21
2011-12-28	1080	1	5	47.78
2011-12-29	1081	1	5	43.33
2011-12-30	1082	1	5	44.20
2011-12-31	1083	1	5	41.81
2012-01-01	1084	1	5	44.94
2012-01-02	1085	1	5	49.69
2012-01-03	1086	1	5	51.29
2012-01-04	1087	1	5	62.14
2012-01-05	1088	1	5	82.59
2012-01-06	1089	1	5	81.52
2012-01-07	1090	1	5	72.82
2012-01-08	1091	1	5	75.76
2012-01-09	1092	1	5	76.12
2012-01-10	1093	1	5	76.53
2012-01-11	1094	1	5	84.35
2012-01-12	1095	1	5	81.74
2012-01-13	1096	1	5	78.84
2012-01-14	1097	1	5	76.55
2012-01-15	1098	1	5	70.60
2012-01-16	1099	1	5	72.89
2012-01-17	1100	1	5	85.31
2012-01-18	1101	1	5	84.17
2012-01-19	1102	1	5	85.94
2012-01-20	1103	1	5	84.98
2012-01-21	1104	1	5	75.05
2012-01-22	1105	1	5	59.47
2012-01-23	1106	1	5	64.11
2012-01-24	1107	1	5	88.84
2012-01-25	1108	1	5	94.95
2012-01-26	1109	1	5	89.08
2012-01-27	1110	1	5	77.51
2012-01-28	1111	1	5	82.83
2012-01-29	1112	1	5	74.69
2012-01-30	1113	1	5	82.21
2012-01-31	1114	1	5	100.31
2012-02-01	1115	1	5	88.91
2012-02-02	1116	1	5	105.41
2012-02-03	1117	1	5	104.41
2012-02-04	1118	1	5	101.36
2012-02-05	1119	1	5	94.86
2012-02-06	1120	1	5	92.42
2012-02-07	1121	1	5	106.56
2012-02-08	1122	1	5	95.91
2012-02-09	1123	1	5	94.72
2012-02-10	1124	1	5	100.94
2012-02-11	1125	1	5	87.69
2012-02-12	1126	1	5	75.20
2012-02-13	1127	1	5	110.77
2012-02-14	1128	1	5	115.63
2012-02-15	1129	1	5	141.54
2012-02-16	1130	1	5	136.88
2012-02-17	1131	1	5	96.86
2012-02-18	1132	1	5	88.53
2012-02-19	1133	1	5	74.17
2012-02-20	1134	1	5	93.83
2012-02-21	1135	1	5	96.00
2012-02-22	1136	1	5	101.43
2012-02-23	1137	1	5	107.07
2012-02-24	1138	1	5	111.49
2012-02-25	1139	1	5	94.90
2012-02-26	1140	1	5	83.90
2012-02-27	1141	1	5	112.16
2012-02-28	1142	1	5	105.81
2012-02-29	1143	1	5	98.15
2012-03-01	1144	1	5	111.64
2012-03-02	1145	1	5	116.85
2012-03-03	1146	1	5	77.02
2012-03-04	1147	1	5	84.64
2012-03-05	1148	1	5	98.81
2012-03-06	1149	1	5	94.85
2012-03-07	1150	1	5	99.53
2012-03-08	1151	1	5	102.35
2012-03-09	1152	1	5	95.13
2012-03-10	1153	1	5	71.67
2012-03-11	1154	1	5	65.72
2012-03-12	1155	1	5	83.73
2012-03-13	1156	1	5	95.68
2012-03-14	1157	1	5	94.32
2012-03-15	1158	1	5	96.32
2012-03-16	1159	1	5	116.71
2012-03-17	1160	1	5	113.72
2012-03-18	1161	1	5	103.82
2012-03-19	1162	1	5	128.91
2012-03-20	1163	1	5	136.92
2012-03-21	1164	1	5	133.38
2012-03-22	1165	1	5	126.95
2012-03-23	1166	1	5	109.27
2012-03-24	1167	1	5	97.76
2012-03-25	1168	1	5	97.37
2012-03-26	1169	1	5	110.39
2012-03-27	1170	1	5	96.83
2012-03-28	1171	1	5	107.46
2012-03-29	1172	1	5	116.23
2012-03-30	1173	1	5	99.38
2012-03-31	1174	1	5	80.45
2012-04-01	1175	1	5	64.22
2012-04-02	1176	1	5	97.60
2012-04-03	1177	1	5	124.03
2012-04-04	1178	1	5	115.99
2012-04-05	1179	1	5	113.86
2012-04-06	1180	1	5	112.58
2012-04-07	1181	1	5	96.94
2012-04-08	1182	1	5	83.55
2012-04-09	1183	1	5	101.46
2012-04-10	1184	1	5	112.25
2012-04-11	1185	1	5	135.74
2012-04-12	1186	1	5	132.59
2012-04-13	1187	1	5	119.83
2012-04-14	1188	1	5	103.73
2012-04-15	1189	1	5	110.40
2012-04-16	1190	1	5	126.82
2012-04-17	1191	1	5	140.12
2012-04-18	1192	1	5	138.20
2012-04-19	1193	1	5	129.73
2012-04-20	1194	1	5	155.34
2012-04-21	1195	1	5	123.11
2012-04-22	1196	1	5	102.91
2012-04-23	1197	1	5	133.56
2012-04-24	1198	1	5	150.85
2012-04-25	1199	1	5	122.14
2012-04-26	1200	1	5	146.80
2012-04-27	1201	1	5	117.46
2012-04-28	1202	1	5	102.40
2012-04-29	1203	1	5	95.63
2012-04-30	1204	1	5	132.27
2012-05-01	1205	1	5	128.40
2012-05-02	1206	1	5	136.98
2012-05-03	1207	1	5	135.03
2012-05-04	1208	1	5	140.65
2012-05-05	1209	1	5	117.05
2012-05-06	1210	1	5	170.63
2012-05-07	1211	1	5	186.51
2012-05-08	1212	1	5	159.45
2012-05-09	1213	1	5	162.48
2012-05-10	1214	1	5	161.74
2012-05-11	1215	1	5	170.43
2012-05-12	1216	1	5	122.04
2012-05-13	1217	1	5	101.86
2012-05-14	1218	1	5	137.52
2012-05-15	1219	1	5	139.57
2012-05-16	1220	1	5	134.00
2012-05-17	1221	1	5	132.55
2012-05-18	1222	1	5	133.17
2012-05-19	1223	1	5	101.27
2012-05-20	1224	1	5	117.29
2012-05-21	1225	1	5	127.43
2012-05-22	1226	1	5	164.53
2012-05-23	1227	1	5	165.92
2012-05-24	1228	1	5	174.13
2012-05-25	1229	1	5	146.57
2012-05-26	1230	1	5	136.84
2012-05-27	1231	1	5	133.24
2012-05-28	1232	1	5	151.81
2012-05-29	1233	1	5	227.34
2012-05-30	1234	1	5	163.56
2012-05-31	1235	1	5	175.47
2012-06-01	1236	1	5	159.40
2012-06-02	1237	1	5	113.07
2012-06-03	1238	1	5	167.87
2012-06-04	1239	1	5	189.49
2012-06-05	1240	1	5	324.20
2012-06-06	1241	1	5	204.48
2012-06-07	1242	1	5	269.93
2012-06-08	1243	1	5	222.96
2012-06-09	1244	1	5	232.41
2012-06-10	1245	1	5	355.02
2012-06-11	1246	1	5	252.12
2012-06-12	1247	1	5	207.91
2012-06-13	1248	1	5	330.83
2012-06-14	1249	1	5	313.75
2012-06-15	1250	1	5	362.25
2012-06-16	1251	1	5	285.94
2012-06-17	1252	1	5	274.31
2012-06-18	1253	1	5	310.43
2012-06-19	1254	1	5	290.34
2012-06-20	1255	1	5	277.01
2012-06-21	1256	1	5	256.25
2012-06-22	1257	1	5	273.40
2012-06-23	1258	1	5	230.08
2012-06-24	1259	1	5	194.12
2012-06-25	1260	1	5	269.35
2012-06-26	1261	1	5	279.71
2012-06-27	1262	1	5	293.95
2012-06-28	1263	1	5	289.61
2012-06-29	1264	1	5	275.70
2012-06-30	1265	1	5	252.17
2012-07-01	1266	1	5	201.61
2012-07-02	1267	1	5	310.50
2012-07-03	1268	1	5	299.23
2012-07-04	1269	1	5	256.90
2012-07-05	1270	1	5	281.77
2012-07-06	1271	1	5	262.54
2012-07-07	1272	1	5	357.83
2012-07-08	1273	1	5	457.45
2012-07-09	1274	1	5	381.11
2012-07-10	1275	1	5	489.41
2012-07-11	1276	1	5	361.23
2012-07-12	1277	1	5	263.57
2012-07-13	1278	1	5	281.09
2012-07-14	1279	1	5	231.24
2012-07-15	1280	1	5	437.37
2012-07-16	1281	1	5	422.48
2012-07-17	1282	1	5	383.18
2012-07-18	1283	1	5	356.97
2012-07-19	1284	1	5	372.91
2012-07-20	1285	1	5	376.79
2012-07-21	1286	1	5	394.27
2012-07-22	1287	1	5	440.04
2012-07-23	1288	1	5	398.40
2012-07-24	1289	1	5	428.31
2012-07-25	1290	1	5	320.70
2012-07-26	1291	1	5	345.27
2012-07-27	1292	1	5	335.99
2012-07-28	1293	1	5	404.94
2012-07-29	1294	1	5	295.49
2012-07-30	1295	1	5	335.92
2012-07-31	1296	1	5	960.64
2012-08-01	1297	1	5	456.43
2012-08-02	1298	1	5	380.43
2012-08-03	1299	1	5	225.92
2012-08-04	1300	1	5	205.12
2012-08-05	1301	1	5	274.79
2012-08-06	1302	1	5	425.32
2012-08-07	1303	1	5	428.74
2012-08-08	1304	1	5	591.27
2012-08-09	1305	1	5	281.33
2012-08-10	1306	1	5	233.15
2012-08-11	1307	1	5	225.96
2012-08-12	1308	1	5	362.47
2012-08-13	1309	1	5	588.35
2012-08-14	1310	1	5	450.11
2012-08-15	1311	1	5	428.57
2012-08-16	1312	1	5	437.26
2012-08-17	1313	1	5	381.90
2012-08-18	1314	1	5	384.36
2012-08-19	1315	1	5	451.08
2012-08-20	1316	1	5	333.67
2012-08-21	1317	1	5	401.03
2012-08-22	1318	1	5	352.88
2012-08-23	1319	1	5	292.10
2012-08-24	1320	1	5	294.88
2012-08-25	1321	1	5	195.95
2012-08-26	1322	1	5	200.22
2012-08-27	1323	1	5	255.30
2012-08-28	1324	1	5	313.98
2012-08-29	1325	1	5	226.19
2012-08-30	1326	1	5	234.46
2012-08-31	1327	1	5	283.11
2012-09-01	1328	1	5	348.15
2012-09-02	1329	1	5	294.69
2012-09-03	1330	1	5	359.90
2012-09-04	1331	1	5	329.04
2012-09-05	1332	1	5	326.93
2012-09-06	1333	1	5	490.24
2012-09-07	1334	1	5	765.55
2012-09-08	1335	1	5	388.37
2012-09-09	1336	1	5	525.01
2012-09-10	1337	1	5	437.44
2012-09-11	1338	1	5	597.69
2012-09-12	1339	1	5	414.27
2012-09-13	1340	1	5	428.59
2012-09-14	1341	1	5	376.22
2012-09-15	1342	1	5	342.71
2012-09-16	1343	1	5	325.98
2012-09-17	1344	1	5	332.47
2012-09-18	1345	1	5	399.33
2012-09-19	1346	1	5	388.11
2012-09-20	1347	1	5	459.42
2012-09-21	1348	1	5	329.91
2012-09-22	1349	1	5	201.51
2012-09-23	1350	1	5	212.51
2012-09-24	1351	1	5	252.88
2012-09-25	1352	1	5	459.79
2012-09-26	1353	1	5	352.95
2012-09-27	1354	1	5	455.01
2012-09-28	1355	1	5	766.74
2012-09-29	1356	1	5	298.43
2012-09-30	1357	1	5	250.78
2012-10-01	1358	1	5	354.52
2012-10-02	1359	1	5	465.96
2012-10-03	1360	1	5	410.81
2012-10-04	1361	1	5	397.31
2012-10-05	1362	1	5	311.53
2012-10-06	1363	1	5	288.91
2012-10-07	1364	1	5	325.23
2012-10-08	1365	1	5	352.98
2012-10-09	1366	1	5	405.37
2012-10-10	1367	1	5	382.75
2012-10-11	1368	1	5	471.85
2012-10-12	1369	1	5	356.40
2012-10-13	1370	1	5	329.83
2012-10-14	1371	1	5	441.63
2012-10-15	1372	1	5	443.93
2012-10-16	1373	1	5	409.02
2012-10-17	1374	1	5	424.32
2012-10-18	1375	1	5	455.98
2012-10-19	1376	1	5	414.33
2012-10-20	1377	1	5	340.74
2012-10-21	1378	1	5	444.17
2012-10-22	1379	1	5	587.38
2012-10-23	1380	1	5	457.58
2012-10-24	1381	1	5	443.63
2012-10-25	1382	1	5	392.35
2012-10-26	1383	1	5	346.06
2012-10-27	1384	1	5	252.92
2012-10-28	1385	1	5	257.01
2012-10-29	1386	1	5	237.28
2012-10-30	1387	1	5	283.09
2012-10-31	1388	1	5	283.05
2012-11-01	1389	1	5	305.18
2012-11-02	1390	1	5	299.96
2012-11-03	1391	1	5	312.70
2012-11-04	1392	1	5	282.11
2012-11-05	1393	1	5	329.33
2012-11-06	1394	1	5	620.88
2012-11-07	1395	1	5	796.18
2012-11-08	1396	1	5	464.90
2012-11-09	1397	1	5	360.51
2012-11-10	1398	1	5	630.71
2012-11-11	1399	1	5	300.51
2012-11-12	1400	1	5	356.62
2012-11-13	1401	1	5	481.46
2012-11-14	1402	1	5	307.44
2012-11-15	1403	1	5	328.55
2012-11-16	1404	1	5	347.75
2012-11-17	1405	1	5	323.62
2012-11-18	1406	1	5	302.71
2012-11-19	1407	1	5	357.14
2012-11-20	1408	1	5	385.50
2012-11-21	1409	1	5	402.55
2012-11-22	1410	1	5	335.20
2012-11-23	1411	1	5	266.96
2012-11-24	1412	1	5	295.49
2012-11-25	1413	1	5	323.86
2012-11-26	1414	1	5	475.97
2012-11-27	1415	1	5	369.93
2012-11-28	1416	1	5	426.98
2012-11-29	1417	1	5	435.07
2012-11-30	1418	1	5	811.97
2012-12-01	1419	1	5	435.03
2012-12-02	1420	1	5	390.32
2012-12-03	1421	1	5	449.58
2012-12-04	1422	1	5	501.01
2012-12-05	1423	1	5	471.50
2012-12-06	1424	1	5	447.56
2012-12-07	1425	1	5	404.64
2012-12-08	1426	1	5	373.61
2012-12-09	1427	1	5	384.07
2012-12-10	1428	1	5	358.42
2012-12-11	1429	1	5	446.76
2012-12-12	1430	1	5	548.45
2012-12-13	1431	1	5	523.24
2012-12-14	1432	1	5	556.81
2012-12-15	1433	1	5	476.27
2012-12-16	1434	1	5	700.94
2012-12-17	1435	1	5	747.61
2012-12-18	1436	1	5	873.57
2012-12-19	1437	1	5	609.14
2012-12-20	1438	1	5	517.25
2012-12-21	1439	1	5	543.76
2012-12-22	1440	1	5	526.95
2012-12-23	1441	1	5	513.92
2012-12-24	1442	1	5	339.93
2012-12-25	1443	1	5	245.06
2012-12-26	1444	1	5	274.81
2012-12-27	1445	1	5	304.71
2012-12-28	1446	1	5	370.95
2012-12-29	1447	1	5	454.86
2012-12-30	1448	1	5	1259.87
2012-12-31	1449	1	5	348.62
2013-01-01	1450	1	5	383.12
2013-01-02	1451	1	5	619.53
2013-01-03	1452	1	5	606.53
2013-01-04	1453	1	5	656.30
2013-01-05	1454	1	5	539.74
2013-01-06	1455	1	5	366.88
2013-01-07	1456	1	5	450.75
2013-01-08	1457	1	5	461.54
2013-01-09	1458	1	5	519.98
2013-01-10	1459	1	5	535.82
2013-01-11	1460	1	5	556.41
2013-01-12	1461	1	5	449.54
2013-01-13	1462	1	5	581.34
2013-01-14	1463	1	5	677.96
2013-01-15	1464	1	5	909.17
2013-01-16	1465	1	5	723.17
2013-01-17	1466	1	5	737.57
2013-01-18	1467	1	5	680.59
2013-01-19	1468	1	5	585.69
2013-01-20	1469	1	5	511.38
2013-01-21	1470	1	5	529.83
2013-01-22	1471	1	5	582.34
2013-01-23	1472	1	5	584.64
2013-01-24	1473	1	5	574.91
2013-01-25	1474	1	5	586.66
2013-01-26	1475	1	5	660.07
2013-01-27	1476	1	5	873.77
2013-01-28	1477	1	5	759.95
2013-01-29	1478	1	5	761.62
2013-01-30	1479	1	5	581.74
2013-01-31	1480	1	5	769.70
2013-02-01	1481	1	5	882.84
2013-02-02	1482	1	5	816.77
2013-02-03	1483	1	5	913.47
2013-02-04	1484	1	5	910.23
2013-02-05	1485	1	5	790.46
2013-02-06	1486	1	5	748.35
2013-02-07	1487	1	5	960.97
2013-02-08	1488	1	5	781.60
2013-02-09	1489	1	5	926.23
2013-02-10	1490	1	5	965.89
2013-02-11	1491	1	5	804.93
2013-02-12	1492	1	5	874.78
2013-02-13	1493	1	5	865.05
2013-02-14	1494	1	5	821.41
2013-02-15	1495	1	5	900.83
2013-02-16	1496	1	5	670.62
2013-02-17	1497	1	5	715.38
2013-02-18	1498	1	5	881.40
2013-02-19	1499	1	5	904.56
2013-02-20	1500	1	5	815.18
2013-02-21	1501	1	5	906.82
2013-02-22	1502	1	5	1261.95
2013-02-23	1503	1	5	1704.84
2013-02-24	1504	1	5	2806.77
2013-02-25	1505	1	5	2362.64
2013-02-26	1506	1	5	2713.47
2013-02-27	1507	1	5	1628.80
2013-02-28	1508	1	5	2292.17
2013-03-01	1509	1	5	2887.68
2013-03-02	1510	1	5	1527.80
2013-03-03	1511	1	5	1429.02
2013-03-04	1512	1	5	1384.00
2013-03-05	1513	1	5	1071.50
2013-03-06	1514	1	5	1131.57
2013-03-07	1515	1	5	1023.93
2013-03-08	1516	1	5	657.72
2013-03-09	1517	1	5	639.19
2013-03-10	1518	1	5	904.17
2013-03-11	1519	1	5	615.92
2013-03-12	1520	1	5	758.12
2013-03-13	1521	1	5	683.65
2013-03-14	1522	1	5	616.61
2013-03-15	1523	1	5	592.46
2013-03-16	1524	1	5	510.15
2013-03-17	1525	1	5	447.89
2013-03-18	1526	1	5	604.59
2013-03-19	1527	1	5	659.83
2013-03-20	1528	1	5	664.82
2013-03-21	1529	1	5	701.63
2013-03-22	1530	1	5	764.93
2013-03-23	1531	1	5	658.46
2013-03-24	1532	1	5	669.83
2013-03-25	1533	1	5	793.97
2013-03-26	1534	1	5	892.66
2013-03-27	1535	1	5	958.05
2013-03-28	1536	1	5	1100.96
2013-03-29	1537	1	5	990.74
2013-03-30	1538	1	5	901.49
2013-03-31	1539	1	5	802.95
2013-04-01	1540	1	5	1251.81
2013-04-02	1541	1	5	1801.18
2013-04-03	1542	1	5	2331.41
2013-04-04	1543	1	5	2653.66
2013-04-05	1544	1	5	2208.23
2013-04-06	1545	1	5	1954.14
2013-04-07	1546	1	5	2238.69
2013-04-08	1547	1	5	3215.73
2013-04-09	1548	1	5	3999.79
2013-04-10	1549	1	5	4698.23
2013-04-11	1550	1	5	4284.39
2013-04-12	1551	1	5	3889.53
2013-04-13	1552	1	5	2851.00
2013-04-14	1553	1	5	2463.19
2013-04-15	1554	1	5	3232.91
2013-04-16	1555	1	5	3165.61
2013-04-17	1556	1	5	2554.05
2013-04-18	1557	1	5	2094.54
2013-04-19	1558	1	5	2077.06
2013-04-20	1559	1	5	1382.09
2013-04-21	1560	1	5	1637.53
2013-04-22	1561	1	5	1820.17
2013-04-23	1562	1	5	1851.28
2013-04-24	1563	1	5	1908.67
2013-04-25	1564	1	5	2145.80
2013-04-26	1565	1	5	1890.81
2013-04-27	1566	1	5	1517.85
2013-04-28	1567	1	5	1363.00
2013-04-29	1568	1	5	2059.51
2013-04-30	1569	1	5	1481.58
2013-05-01	1570	1	5	2226.03
2013-05-02	1571	1	5	2114.18
2013-05-03	1572	1	5	1957.48
2013-05-04	1573	1	5	1401.71
2013-05-05	1574	1	5	1601.01
2013-05-06	1575	1	5	1848.45
2013-05-07	1576	1	5	2051.03
2013-05-08	1577	1	5	1773.15
2013-05-09	1578	1	5	1520.12
2013-05-10	1579	1	5	1589.55
2013-05-11	1580	1	5	1293.59
2013-05-12	1581	1	5	1198.67
2013-05-13	1582	1	5	1639.06
2013-05-14	1583	1	5	1938.89
2013-05-15	1584	1	5	2057.32
2013-05-16	1585	1	5	2040.01
2013-05-17	1586	1	5	1858.77
2013-05-18	1587	1	5	1450.19
2013-05-19	1588	1	5	1353.62
2013-05-20	1589	1	5	1700.03
2013-05-21	1590	1	5	1769.70
2013-05-22	1591	1	5	1599.31
2013-05-23	1592	1	5	1573.90
2013-05-24	1593	1	5	1526.77
2013-05-25	1594	1	5	1168.26
2013-05-26	1595	1	5	1212.59
2013-05-27	1596	1	5	1455.04
2013-05-28	1597	1	5	1528.26
2013-05-29	1598	1	5	1497.15
2013-05-30	1599	1	5	1467.83
2013-05-31	1600	1	5	1405.19
2013-06-01	1601	1	5	1106.32
2013-06-02	1602	1	5	1240.66
2013-06-03	1603	1	5	1423.76
2013-06-04	1604	1	5	1523.13
2013-06-05	1605	1	5	1320.11
2013-06-06	1606	1	5	1240.27
2013-06-07	1607	1	5	1223.58
2013-06-08	1608	1	5	854.51
2013-06-09	1609	1	5	944.35
2013-06-10	1610	1	5	955.46
2013-06-11	1611	1	5	1072.26
2013-06-12	1612	1	5	985.61
2013-06-13	1613	1	5	983.80
2013-06-14	1614	1	5	1025.37
2013-06-15	1615	1	5	689.67
2013-06-16	1616	1	5	686.97
2013-06-17	1617	1	5	988.71
2013-06-18	1618	1	5	1055.09
2013-06-19	1619	1	5	982.27
2013-06-20	1620	1	5	1104.43
2013-06-21	1621	1	5	952.45
2013-06-22	1622	1	5	812.42
2013-06-23	1623	1	5	728.70
2013-06-24	1624	1	5	1117.62
2013-06-25	1625	1	5	1017.45
2013-06-26	1626	1	5	1006.23
2013-06-27	1627	1	5	974.04
2013-06-28	1628	1	5	989.00
2013-06-29	1629	1	5	754.45
2013-06-30	1630	1	5	694.65
2013-07-01	1631	1	5	1096.45
2013-07-02	1632	1	5	1029.03
2013-07-03	1633	1	5	1072.09
2013-07-04	1634	1	5	856.95
2013-07-05	1635	1	5	929.93
2013-07-06	1636	1	5	627.57
2013-07-07	1637	1	5	670.88
2013-07-08	1638	1	5	959.55
2013-07-09	1639	1	5	969.92
2013-07-10	1640	1	5	1003.60
2013-07-11	1641	1	5	1007.31
2013-07-12	1642	1	5	1012.66
2013-07-13	1643	1	5	710.96
2013-07-14	1644	1	5	666.34
2013-07-15	1645	1	5	947.76
2013-07-16	1646	1	5	982.02
2013-07-17	1647	1	5	928.60
2013-07-18	1648	1	5	963.77
2013-07-19	1649	1	5	817.04
2013-07-20	1650	1	5	666.50
2013-07-21	1651	1	5	651.54
2013-07-22	1652	1	5	949.66
2013-07-23	1653	1	5	980.14
2013-07-24	1654	1	5	966.14
2013-07-25	1655	1	5	951.62
2013-07-26	1656	1	5	890.79
2013-07-27	1657	1	5	661.82
2013-07-28	1658	1	5	696.31
2013-07-29	1659	1	5	1037.97
2013-07-30	1660	1	5	1085.81
2013-07-31	1661	1	5	1058.85
2013-08-01	1662	1	5	1068.18
2013-08-02	1663	1	5	1000.41
2013-08-03	1664	1	5	691.90
2013-08-04	1665	1	5	725.91
2013-08-05	1666	1	5	1056.59
2013-08-06	1667	1	5	1065.86
2013-08-07	1668	1	5	1082.24
2013-08-08	1669	1	5	1007.22
2013-08-09	1670	1	5	945.49
2013-08-10	1671	1	5	815.45
2013-08-11	1672	1	5	753.98
2013-08-12	1673	1	5	1129.88
2013-08-13	1674	1	5	1158.12
2013-08-14	1675	1	5	1147.61
2013-08-15	1676	1	5	1064.52
2013-08-16	1677	1	5	1029.06
2013-08-17	1678	1	5	777.84
2013-08-18	1679	1	5	833.13
2013-08-19	1680	1	5	1214.54
2013-08-20	1681	1	5	1235.72
2013-08-21	1682	1	5	1296.88
2013-08-22	1683	1	5	1236.65
2013-08-23	1684	1	5	1101.99
2013-08-24	1685	1	5	760.04
2013-08-25	1686	1	5	868.89
2013-08-26	1687	1	5	1153.79
2013-08-27	1688	1	5	1302.45
2013-08-28	1689	1	5	1212.79
2013-08-29	1690	1	5	1047.73
2013-08-30	1691	1	5	1243.34
2013-08-31	1692	1	5	1091.86
2013-09-01	1693	1	5	885.56
2013-09-02	1694	1	5	1087.54
2013-09-03	1695	1	5	1205.97
2013-09-04	1696	1	5	1272.28
2013-09-05	1697	1	5	1265.12
2013-09-06	1698	1	5	1178.84
2013-09-07	1699	1	5	925.41
2013-09-08	1700	1	5	870.05
2013-09-09	1701	1	5	1399.87
2013-09-10	1702	1	5	1211.02
2013-09-11	1703	1	5	1336.08
2013-09-12	1704	1	5	1324.24
2013-09-13	1705	1	5	1100.32
2013-09-14	1706	1	5	902.25
2013-09-15	1707	1	5	895.20
2013-09-16	1708	1	5	1197.72
2013-09-17	1709	1	5	1224.42
2013-09-18	1710	1	5	1372.32
2013-09-19	1711	1	5	1247.31
2013-09-20	1712	1	5	1139.81
2013-09-21	1713	1	5	886.49
2013-09-22	1714	1	5	814.65
2013-09-23	1715	1	5	1124.23
2013-09-24	1716	1	5	1277.08
2013-09-25	1717	1	5	1251.44
2013-09-26	1718	1	5	1268.33
2013-09-27	1719	1	5	1187.75
2013-09-28	1720	1	5	959.49
2013-09-29	1721	1	5	919.15
2013-09-30	1722	1	5	1402.07
2013-10-01	1723	1	5	1542.87
2013-10-02	1724	1	5	1008.96
2013-10-03	1725	1	5	578.15
2013-10-04	1726	1	5	533.19
2013-10-05	1727	1	5	446.09
2013-10-06	1728	1	5	439.36
2013-10-07	1729	1	5	567.20
2013-10-08	1730	1	5	593.55
2013-10-09	1731	1	5	625.72
2013-10-10	1732	1	5	694.50
2013-10-11	1733	1	5	673.47
2013-10-12	1734	1	5	547.93
2013-10-13	1735	1	5	588.98
2013-10-14	1736	1	5	752.60
2013-10-15	1737	1	5	803.94
2013-10-16	1738	1	5	856.88
2013-10-17	1739	1	5	857.47
2013-10-18	1740	1	5	806.00
2013-10-19	1741	1	5	914.18
2013-10-20	1742	1	5	786.47
2013-10-21	1743	1	5	1076.40
2013-10-22	1744	1	5	1262.33
2013-10-23	1745	1	5	1243.05
2013-10-24	1746	1	5	1247.08
2013-10-25	1747	1	5	1101.34
2013-10-26	1748	1	5	1059.75
2013-10-27	1749	1	5	1025.70
2013-10-28	1750	1	5	1038.77
2013-10-29	1751	1	5	1042.75
2013-10-30	1752	1	5	986.84
2013-10-31	1753	1	5	974.67
2013-11-01	1754	1	5	840.41
2013-11-02	1755	1	5	777.45
2013-11-03	1756	1	5	864.57
2013-11-04	1757	1	5	1123.91
2013-11-05	1758	1	5	1248.36
2013-11-06	1759	1	5	1380.97
2013-11-07	1760	1	5	1786.63
2013-11-08	1761	1	5	1872.21
2013-11-09	1762	1	5	2009.85
2013-11-10	1763	1	5	1869.29
2013-11-11	1764	1	5	1847.43
2013-11-12	1765	1	5	1917.48
2013-11-13	1766	1	5	2112.52
2013-11-14	1767	1	5	1994.59
2013-11-15	1768	1	5	1755.41
2013-11-16	1769	1	5	1349.68
2013-11-17	1770	1	5	1496.54
2013-11-18	1771	1	5	2999.09
2013-11-19	1772	1	5	3477.79
2013-11-20	1773	1	5	3128.53
2013-11-21	1774	1	5	3367.59
2013-11-22	1775	1	5	3763.90
2013-11-23	1776	1	5	3298.07
2013-11-24	1777	1	5	2781.92
2013-11-25	1778	1	5	3874.68
2013-11-26	1779	1	5	6582.93
2013-11-27	1780	1	5	9563.55
2013-11-28	1781	1	5	12383.15
2013-11-29	1782	1	5	10955.66
2013-11-30	1783	1	5	8546.98
2013-12-01	1784	1	5	8759.81
2013-12-02	1785	1	5	8992.09
2013-12-03	1786	1	5	8311.35
2013-12-04	1787	1	5	8145.25
2013-12-05	1788	1	5	7308.73
2013-12-06	1789	1	5	6499.00
2013-12-07	1790	1	5	5143.66
2013-12-08	1791	1	5	3811.06
2013-12-09	1792	1	5	5203.88
2013-12-10	1793	1	5	4984.86
2013-12-11	1794	1	5	4399.35
2013-12-12	1795	1	5	3677.04
2013-12-13	1796	1	5	3477.48
2013-12-14	1797	1	5	2719.07
2013-12-15	1798	1	5	3087.95
2013-12-16	1799	1	5	4190.00
2013-12-17	1800	1	5	3536.77
2013-12-18	1801	1	5	5059.50
2013-12-19	1802	1	5	4300.80
2013-12-20	1803	1	5	3926.80
2013-12-21	1804	1	5	3040.63
2013-12-22	1805	1	5	2899.31
2013-12-23	1806	1	5	2991.99
2013-12-24	1807	1	5	2514.80
2013-12-25	1808	1	5	2221.26
2013-12-26	1809	1	5	2312.53
2013-12-27	1810	1	5	2076.26
2013-12-28	1811	1	5	1812.41
2013-12-29	1812	1	5	1880.92
2013-12-30	1813	1	5	2304.73
2013-12-31	1814	1	5	1854.84
2014-01-01	1815	1	5	1723.61
2014-01-02	1816	1	5	2562.69
2014-01-03	1817	1	5	2660.12
2014-01-04	1818	1	5	2371.10
2014-01-05	1819	1	5	2925.03
2014-01-06	1820	1	5	3483.94
2014-01-07	1821	1	5	3440.39
2014-01-08	1822	1	5	3142.78
2014-01-09	1823	1	5	3235.46
2014-01-10	1824	1	5	2920.16
2014-01-11	1825	1	5	2837.24
2014-01-12	1826	1	5	2433.45
2014-01-13	1827	1	5	2749.22
2014-01-14	1828	1	5	2679.48
2014-01-15	1829	1	5	2790.58
2014-01-16	1830	1	5	2639.85
2014-01-17	1831	1	5	2547.74
2014-01-18	1832	1	5	2285.44
2014-01-19	1833	1	5	2414.05
2014-01-20	1834	1	5	3377.70
2014-01-21	1835	1	5	3950.24
2014-01-22	1836	1	5	3732.52
2014-01-23	1837	1	5	4006.59
2014-01-24	1838	1	5	4142.22
2014-01-25	1839	1	5	3387.73
2014-01-26	1840	1	5	3704.96
2014-01-27	1841	1	5	4467.67
2014-01-28	1842	1	5	4374.23
2014-01-29	1843	1	5	3900.51
2014-01-30	1844	1	5	3958.62
2014-01-31	1845	1	5	3676.26
2014-02-01	1846	1	5	3299.65
2014-02-02	1847	1	5	3181.09
2014-02-03	1848	1	5	3697.87
2014-02-04	1849	1	5	3953.17
2014-02-05	1850	1	5	3960.63
2014-02-06	1851	1	5	3828.67
2014-02-07	1852	1	5	4058.31
2014-02-08	1853	1	5	3242.46
2014-02-09	1854	1	5	3294.14
2014-02-10	1855	1	5	3968.92
2014-02-11	1856	1	5	4275.82
2014-02-12	1857	1	5	3701.73
2014-02-13	1858	1	5	4011.36
2014-02-14	1859	1	5	3961.79
2014-02-15	1860	1	5	3186.44
2014-02-16	1861	1	5	3018.02
2014-02-17	1862	1	5	3272.20
2014-02-18	1863	1	5	3086.41
2014-02-19	1864	1	5	3410.74
2014-02-20	1865	1	5	3595.80
2014-02-21	1866	1	5	2979.76
2014-02-22	1867	1	5	2709.41
2014-02-23	1868	1	5	3058.94
2014-02-24	1869	1	5	3850.99
2014-02-25	1870	1	5	4271.52
2014-02-26	1871	1	5	3899.49
2014-02-27	1872	1	5	3334.77
2014-02-28	1873	1	5	3501.43
2014-03-01	1874	1	5	3074.27
2014-03-02	1875	1	5	3045.57
2014-03-03	1876	1	5	4476.97
2014-03-04	1877	1	5	4526.44
2014-03-05	1878	1	5	3949.89
2014-03-06	1879	1	5	3634.74
2014-03-07	1880	1	5	3651.19
2014-03-08	1881	1	5	3101.36
2014-03-09	1882	1	5	3314.24
2014-03-10	1883	1	5	3499.34
2014-03-11	1884	1	5	3385.63
2014-03-12	1885	1	5	3442.37
2014-03-13	1886	1	5	3116.75
2014-03-14	1887	1	5	3970.16
2014-03-15	1888	1	5	3333.35
2014-03-16	1889	1	5	3651.18
2014-03-17	1890	1	5	5303.78
2014-03-18	1891	1	5	5480.83
2014-03-19	1892	1	5	5254.58
2014-03-20	1893	1	5	5150.96
2014-03-21	1894	1	5	5157.00
2014-03-22	1895	1	5	4890.69
2014-03-23	1896	1	5	4587.13
2014-03-24	1897	1	5	4466.83
2014-03-25	1898	1	5	3985.29
2014-03-26	1899	1	5	3682.17
2014-03-27	1900	1	5	3801.41
2014-03-28	1901	1	5	3391.83
2014-03-29	1902	1	5	2756.46
2014-03-30	1903	1	5	2759.12
2014-03-31	1904	1	5	3233.85
2014-04-01	1905	1	5	3173.11
2014-04-02	1906	1	5	3183.66
2014-04-03	1907	1	5	2973.29
2014-04-04	1908	1	5	2982.44
2014-04-05	1909	1	5	2521.65
2014-04-06	1910	1	5	2533.09
2014-04-07	1911	1	5	3074.86
2014-04-08	1912	1	5	3010.43
2014-04-09	1913	1	5	3071.07
2014-04-10	1914	1	5	3211.50
2014-04-11	1915	1	5	3060.04
2014-04-12	1916	1	5	2343.74
2014-04-13	1917	1	5	2590.92
2014-04-14	1918	1	5	3562.18
2014-04-15	1919	1	5	3768.46
2014-04-16	1920	1	5	3613.54
2014-04-17	1921	1	5	3350.78
2014-04-18	1922	1	5	3148.70
2014-04-19	1923	1	5	2976.18
2014-04-20	1924	1	5	2898.32
2014-04-21	1925	1	5	3150.30
2014-04-22	1926	1	5	3381.32
2014-04-23	1927	1	5	3130.53
2014-04-24	1928	1	5	2948.79
2014-04-25	1929	1	5	3101.20
2014-04-26	1930	1	5	2508.98
2014-04-27	1931	1	5	2574.48
2014-04-28	1932	1	5	3150.10
2014-04-29	1933	1	5	2886.95
2014-04-30	1934	1	5	3111.91
2014-05-01	1935	1	5	2840.84
2014-05-02	1936	1	5	2584.05
2014-05-03	1937	1	5	2214.68
2014-05-04	1938	1	5	2225.62
2014-05-05	1939	1	5	2855.77
2014-05-06	1940	1	5	3215.91
2014-05-07	1941	1	5	3017.13
2014-05-08	1942	1	5	3145.16
2014-05-09	1943	1	5	3175.38
2014-05-10	1944	1	5	2838.79
2014-05-11	1945	1	5	3042.23
2014-05-12	1946	1	5	3464.52
2014-05-13	1947	1	5	3415.80
2014-05-14	1948	1	5	3396.88
2014-05-15	1949	1	5	3615.10
2014-05-16	1950	1	5	3276.26
2014-05-17	1951	1	5	2760.08
2014-05-18	1952	1	5	2755.17
2014-05-19	1953	1	5	3449.51
2014-05-20	1954	1	5	3821.92
2014-05-21	1955	1	5	3456.76
2014-05-22	1956	1	5	3658.28
2014-05-23	1957	1	5	3834.87
2014-05-24	1958	1	5	2943.59
2014-05-25	1959	1	5	3444.70
2014-05-26	1960	1	5	3701.63
2014-05-27	1961	1	5	3836.64
2014-05-28	1962	1	5	3819.51
2014-05-29	1963	1	5	3549.07
2014-05-30	1964	1	5	3329.37
2014-05-31	1965	1	5	2911.28
2014-06-01	1966	1	5	3193.93
2014-06-02	1967	1	5	3550.01
2014-06-03	1968	1	5	3860.03
2014-06-04	1969	1	5	3454.89
2014-06-05	1970	1	5	3823.34
2014-06-06	1971	1	5	3485.04
2014-06-07	1972	1	5	2932.23
2014-06-08	1973	1	5	2976.68
2014-06-09	1974	1	5	3315.39
2014-06-10	1975	1	5	3150.41
2014-06-11	1976	1	5	3458.89
2014-06-12	1977	1	5	3163.51
2014-06-13	1978	1	5	3420.01
2014-06-14	1979	1	5	2761.67
2014-06-15	1980	1	5	2800.46
2014-06-16	1981	1	5	3405.52
2014-06-17	1982	1	5	3562.11
2014-06-18	1983	1	5	3302.41
2014-06-19	1984	1	5	3211.97
2014-06-20	1985	1	5	3082.88
2014-06-21	1986	1	5	2937.62
2014-06-22	1987	1	5	2909.50
2014-06-23	1988	1	5	3279.51
2014-06-24	1989	1	5	3447.11
2014-06-25	1990	1	5	3314.00
2014-06-26	1991	1	5	3174.38
2014-06-27	1992	1	5	3149.97
2014-06-28	1993	1	5	2672.52
2014-06-29	1994	1	5	2605.26
2014-06-30	1995	1	5	3399.60
2014-07-01	1996	1	5	3494.11
2014-07-02	1997	1	5	3300.76
2014-07-03	1998	1	5	3215.38
2014-07-04	1999	1	5	2860.31
2014-07-05	2000	1	5	2410.50
2014-07-06	2001	1	5	2655.40
2014-07-07	2002	1	5	3296.93
2014-07-08	2003	1	5	3288.23
2014-07-09	2004	1	5	3074.45
2014-07-10	2005	1	5	3036.87
2014-07-11	2006	1	5	2943.35
2014-07-12	2007	1	5	2528.64
2014-07-13	2008	1	5	2601.55
2014-07-14	2009	1	5	2957.60
2014-07-15	2010	1	5	3249.11
2014-07-16	2011	1	5	3056.81
2014-07-17	2012	1	5	3161.32
2014-07-18	2013	1	5	2867.09
2014-07-19	2014	1	5	2548.99
2014-07-20	2015	1	5	2412.46
2014-07-21	2016	1	5	2949.04
2014-07-22	2017	1	5	3035.03
2014-07-23	2018	1	5	3003.75
2014-07-24	2019	1	5	2876.04
2014-07-25	2020	1	5	2781.37
2014-07-26	2021	1	5	2286.10
2014-07-27	2022	1	5	2363.00
2014-07-28	2023	1	5	2692.28
2014-07-29	2024	1	5	2605.85
2014-07-30	2025	1	5	2870.32
2014-07-31	2026	1	5	2892.75
2014-08-01	2027	1	5	2873.24
2014-08-02	2028	1	5	2384.69
2014-08-03	2029	1	5	2309.26
2014-08-04	2030	1	5	2913.17
2014-08-05	2031	1	5	3449.91
2014-08-06	2032	1	5	3340.49
2014-08-07	2033	1	5	3279.23
2014-08-08	2034	1	5	3059.68
2014-08-09	2035	1	5	2724.75
2014-08-10	2036	1	5	2873.76
2014-08-11	2037	1	5	3860.88
2014-08-12	2038	1	5	3890.04
2014-08-13	2039	1	5	3854.45
2014-08-14	2040	1	5	3600.53
2014-08-15	2041	1	5	3672.58
2014-08-16	2042	1	5	3222.51
2014-08-17	2043	1	5	3301.00
2014-08-18	2044	1	5	3914.94
2014-08-19	2045	1	5	4035.49
2014-08-20	2046	1	5	3993.46
2014-08-21	2047	1	5	3840.00
2014-08-22	2048	1	5	3700.35
2014-08-23	2049	1	5	3160.98
2014-08-24	2050	1	5	3364.04
2014-08-25	2051	1	5	3896.66
2014-08-26	2052	1	5	4228.75
2014-08-27	2053	1	5	3968.47
2014-08-28	2054	1	5	3941.45
2014-08-29	2055	1	5	3669.78
2014-08-30	2056	1	5	3349.72
2014-08-31	2057	1	5	3383.60
2014-09-01	2058	1	5	3702.26
2014-09-02	2059	1	5	4036.05
2014-09-03	2060	1	5	3859.40
2014-09-04	2061	1	5	4022.56
2014-09-05	2062	1	5	3809.36
2014-09-06	2063	1	5	3526.06
2014-09-07	2064	1	5	3686.46
2014-09-08	2065	1	5	4511.64
2014-09-09	2066	1	5	4789.39
2014-09-10	2067	1	5	4154.97
2014-09-11	2068	1	5	3884.85
2014-09-12	2069	1	5	3946.45
2014-09-13	2070	1	5	3818.79
2014-09-14	2071	1	5	3858.27
2014-09-15	2072	1	5	4570.73
2014-09-16	2073	1	5	4932.16
2014-09-17	2074	1	5	4881.59
2014-09-18	2075	1	5	4708.73
2014-09-19	2076	1	5	4395.43
2014-09-20	2077	1	5	4019.37
2014-09-21	2078	1	5	3761.21
2014-09-22	2079	1	5	4831.92
2014-09-23	2080	1	5	5031.66
2014-09-24	2081	1	5	5016.61
2014-09-25	2082	1	5	5408.74
2014-09-26	2083	1	5	5304.12
2014-09-27	2084	1	5	4273.06
2014-09-28	2085	1	5	4377.23
2014-09-29	2086	1	5	5109.85
2014-09-30	2087	1	5	5316.71
2014-10-01	2088	1	5	5178.38
2014-10-02	2089	1	5	4870.09
2014-10-03	2090	1	5	5705.07
2014-10-04	2091	1	5	5327.58
2014-10-05	2092	1	5	5074.07
2014-10-06	2093	1	5	5757.14
2014-10-07	2094	1	5	5683.81
2014-10-08	2095	1	5	5441.71
2014-10-09	2096	1	5	5263.32
2014-10-10	2097	1	5	4911.39
2014-10-11	2098	1	5	3760.98
2014-10-12	2099	1	5	3886.36
2014-10-13	2100	1	5	4608.26
2014-10-14	2101	1	5	4829.56
2014-10-15	2102	1	5	4391.32
2014-10-16	2103	1	5	4157.58
2014-10-17	2104	1	5	3851.05
2014-10-18	2105	1	5	3481.69
2014-10-19	2106	1	5	3595.72
2014-10-20	2107	1	5	4355.08
2014-10-21	2108	1	5	4341.42
2014-10-22	2109	1	5	4133.83
2014-10-23	2110	1	5	4084.69
2014-10-24	2111	1	5	3810.76
2014-10-25	2112	1	5	3580.81
2014-10-26	2113	1	5	3966.63
2014-10-27	2114	1	5	4671.75
2014-10-28	2115	1	5	4471.20
2014-10-29	2116	1	5	4634.45
2014-10-30	2117	1	5	4526.81
2014-10-31	2118	1	5	4651.65
2014-11-01	2119	1	5	3774.36
2014-11-02	2120	1	5	4097.19
2014-11-03	2121	1	5	4579.64
2014-11-04	2122	1	5	4570.35
2014-11-05	2123	1	5	4420.25
2014-11-06	2124	1	5	4344.78
2014-11-07	2125	1	5	4063.39
2014-11-08	2126	1	5	3391.79
2014-11-09	2127	1	5	3803.78
2014-11-10	2128	1	5	4374.04
2014-11-11	2129	1	5	4383.87
2014-11-12	2130	1	5	4774.42
2014-11-13	2131	1	5	4475.06
2014-11-14	2132	1	5	4300.24
2014-11-15	2133	1	5	3652.84
2014-11-16	2134	1	5	3784.52
2014-11-17	2135	1	5	4606.23
2014-11-18	2136	1	5	4425.14
2014-11-19	2137	1	5	4083.15
2014-11-20	2138	1	5	4306.59
2014-11-21	2139	1	5	3729.86
2014-11-22	2140	1	5	3187.76
2014-11-23	2141	1	5	3224.67
2014-11-24	2142	1	5	4328.60
2014-11-25	2143	1	5	4233.41
2014-11-26	2144	1	5	4336.73
2014-11-27	2145	1	5	3975.15
2014-11-28	2146	1	5	4315.08
2014-11-29	2147	1	5	3810.78
2014-11-30	2148	1	5	4061.97
2014-12-01	2149	1	5	5130.13
2014-12-02	2150	1	5	5104.58
2014-12-03	2151	1	5	5487.41
2014-12-04	2152	1	5	5214.18
2014-12-05	2153	1	5	4901.21
2014-12-06	2154	1	5	4295.06
2014-12-07	2155	1	5	4244.29
2014-12-08	2156	1	5	5089.75
2014-12-09	2157	1	5	5326.85
2014-12-10	2158	1	5	4657.01
2014-12-11	2159	1	5	4649.61
2014-12-12	2160	1	5	4429.36
2014-12-13	2161	1	5	3899.61
2014-12-14	2162	1	5	4232.20
2014-12-15	2163	1	5	4820.26
2014-12-16	2164	1	5	5199.98
2014-12-17	2165	1	5	4959.07
2014-12-18	2166	1	5	4676.29
2014-12-19	2167	1	5	4931.86
2014-12-20	2168	1	5	5114.94
2014-12-21	2169	1	5	5126.14
2014-12-22	2170	1	5	7667.83
2014-12-23	2171	1	5	8369.34
2014-12-24	2172	1	5	6103.48
2014-12-25	2173	1	5	4698.36
2014-12-26	2174	1	5	5741.63
2014-12-27	2175	1	5	6020.37
2014-12-28	2176	1	5	4400.34
2014-12-29	2177	1	5	4895.09
2014-12-30	2178	1	5	4704.59
2014-12-31	2179	1	5	3586.33
2015-01-01	2180	1	5	3129.48
2015-01-02	2181	1	5	4071.52
2015-01-03	2182	1	5	3818.74
2015-01-04	2183	1	5	3755.32
2015-01-05	2184	1	5	4323.91
2015-01-06	2185	1	5	4204.74
2015-01-07	2186	1	5	4419.67
2015-01-08	2187	1	5	4802.26
2015-01-09	2188	1	5	4877.30
2015-01-10	2189	1	5	4578.64
2015-01-11	2190	1	5	4396.67
2015-01-12	2191	1	5	4796.74
2015-01-13	2192	1	5	5655.42
2015-01-14	2193	1	5	5464.34
2015-01-15	2194	1	5	5650.22
2015-01-16	2195	1	5	5411.32
2015-01-17	2196	1	5	4491.35
2015-01-18	2197	1	5	4675.66
2015-01-19	2198	1	5	5192.30
2015-01-20	2199	1	5	5099.64
2015-01-21	2200	1	5	5083.97
2015-01-22	2201	1	5	4857.52
2015-01-23	2202	1	5	4470.86
2015-01-24	2203	1	5	3983.45
2015-01-25	2204	1	5	4292.00
2015-01-26	2205	1	5	5322.58
2015-01-27	2206	1	5	4966.18
2015-01-28	2207	1	5	4551.85
2015-01-29	2208	1	5	4915.39
2015-01-30	2209	1	5	4234.99
2015-01-31	2210	1	5	5305.59
2015-02-01	2211	1	5	5025.31
2015-02-02	2212	1	5	5227.07
2015-02-03	2213	1	5	5161.23
2015-02-04	2214	1	5	5139.68
2015-02-05	2215	1	5	4881.78
2015-02-06	2216	1	5	4801.87
2015-02-07	2217	1	5	4448.15
2015-02-08	2218	1	5	4606.39
2015-02-09	2219	1	5	5599.96
2015-02-10	2220	1	5	5452.53
2015-02-11	2221	1	5	5410.89
2015-02-12	2222	1	5	5221.22
2015-02-13	2223	1	5	6240.39
2015-02-14	2224	1	5	5153.18
2015-02-15	2225	1	5	5535.31
2015-02-16	2226	1	5	6259.07
2015-02-17	2227	1	5	6585.16
2015-02-18	2228	1	5	6588.02
2015-02-19	2229	1	5	6074.84
2015-02-20	2230	1	5	6374.03
2015-02-21	2231	1	5	5603.23
2015-02-22	2232	1	5	5396.38
2015-02-23	2233	1	5	6317.29
2015-02-24	2234	1	5	6331.88
2015-02-25	2235	1	5	6011.86
2015-02-26	2236	1	5	5888.68
2015-02-27	2237	1	5	5935.56
2015-02-28	2238	1	5	4893.14
2015-03-01	2239	1	5	5482.55
2015-03-02	2240	1	5	6611.57
2015-03-03	2241	1	5	7171.03
2015-03-04	2242	1	5	6671.97
2015-03-05	2243	1	5	6904.24
2015-03-06	2244	1	5	6703.58
2015-03-07	2245	1	5	5698.34
2015-03-08	2246	1	5	5809.15
2015-03-09	2247	1	5	6963.12
2015-03-10	2248	1	5	7100.28
2015-03-11	2249	1	5	6931.32
2015-03-12	2250	1	5	6772.04
2015-03-13	2251	1	5	6559.39
2015-03-14	2252	1	5	5908.19
2015-03-15	2253	1	5	5961.19
2015-03-16	2254	1	5	7354.06
2015-03-17	2255	1	5	6933.31
2015-03-18	2256	1	5	6164.80
2015-03-19	2257	1	5	6163.63
2015-03-20	2258	1	5	6562.71
2015-03-21	2259	1	5	5599.45
2015-03-22	2260	1	5	6031.84
2015-03-23	2261	1	5	6795.45
2015-03-24	2262	1	5	5621.56
2015-03-25	2263	1	5	5468.18
2015-03-26	2264	1	5	6407.61
2015-03-27	2265	1	5	5759.96
2015-03-28	2266	1	5	4939.68
2015-03-29	2267	1	5	5167.08
2015-03-30	2268	1	5	6266.84
2015-03-31	2269	1	5	6503.44
2015-04-01	2270	1	5	7222.02
2015-04-02	2271	1	5	6538.75
2015-04-03	2272	1	5	6039.73
2015-04-04	2273	1	5	4902.20
2015-04-05	2274	1	5	5547.33
2015-04-06	2275	1	5	6834.95
2015-04-07	2276	1	5	7220.04
2015-04-08	2277	1	5	7447.92
2015-04-09	2278	1	5	7465.89
2015-04-10	2279	1	5	7898.30
2015-04-11	2280	1	5	7443.00
2015-04-12	2281	1	5	6604.12
2015-04-13	2282	1	5	10069.40
2015-04-14	2283	1	5	8052.53
2015-04-15	2284	1	5	7388.50
2015-04-16	2285	1	5	7063.93
2015-04-17	2286	1	5	6961.69
2015-04-18	2287	1	5	5918.81
2015-04-19	2288	1	5	6007.06
2015-04-20	2289	1	5	6503.99
2015-04-21	2290	1	5	6871.88
2015-04-22	2291	1	5	6867.65
2015-04-23	2292	1	5	7098.80
2015-04-24	2293	1	5	6835.30
2015-04-25	2294	1	5	6153.49
2015-04-26	2295	1	5	6373.80
2015-04-27	2296	1	5	7763.22
2015-04-28	2297	1	5	7520.67
2015-04-29	2298	1	5	7630.90
2015-04-30	2299	1	5	6957.53
2015-05-01	2300	1	5	5986.42
2015-05-02	2301	1	5	5362.55
2015-05-03	2302	1	5	4763.62
2015-05-04	2303	1	5	6672.98
2015-05-05	2304	1	5	7310.40
2015-05-06	2305	1	5	7311.22
2015-05-07	2306	1	5	7296.39
2015-05-08	2307	1	5	6828.28
2015-05-09	2308	1	5	5995.09
2015-05-10	2309	1	5	6101.57
2015-05-11	2310	1	5	7907.00
2015-05-12	2311	1	5	7852.51
2015-05-13	2312	1	5	7079.19
2015-05-14	2313	1	5	6422.82
2015-05-15	2314	1	5	6450.85
2015-05-16	2315	1	5	5533.17
2015-05-17	2316	1	5	5357.89
2015-05-18	2317	1	5	5931.09
2015-05-19	2318	1	5	7047.89
2015-05-20	2319	1	5	6845.96
2015-05-21	2320	1	5	6448.10
2015-05-22	2321	1	5	6589.92
2015-05-23	2322	1	5	5713.55
2015-05-24	2323	1	5	6312.61
2015-05-25	2324	1	5	7811.07
2015-05-26	2325	1	5	7084.83
2015-05-27	2326	1	5	7015.62
2015-05-28	2327	1	5	7083.25
2015-05-29	2328	1	5	7330.62
2015-05-30	2329	1	5	6773.50
2015-05-31	2330	1	5	7190.19
2015-06-01	2331	1	5	9144.68
2015-06-02	2332	1	5	9130.51
2015-06-03	2333	1	5	9431.80
2015-06-04	2334	1	5	9435.30
2015-06-05	2335	1	5	8996.81
2015-06-06	2336	1	5	6501.04
2015-06-07	2337	1	5	6411.56
2015-06-08	2338	1	5	5954.95
2015-06-09	2339	1	5	8330.35
2015-06-10	2340	1	5	9050.95
2015-06-11	2341	1	5	8353.92
2015-06-12	2342	1	5	9293.50
2015-06-13	2343	1	5	6658.72
2015-06-14	2344	1	5	8096.32
2015-06-15	2345	1	5	10576.81
2015-06-16	2346	1	5	10173.11
2015-06-17	2347	1	5	10805.23
2015-06-18	2348	1	5	9719.43
2015-06-19	2349	1	5	8840.28
2015-06-20	2350	1	5	7614.18
2015-06-21	2351	1	5	7708.54
2015-06-22	2352	1	5	16476.99
2015-06-23	2353	1	5	10211.00
2015-06-24	2354	1	5	8813.50
2015-06-25	2355	1	5	7175.61
2015-06-26	2356	1	5	9683.09
2015-06-27	2357	1	5	8226.35
2015-06-28	2358	1	5	7127.50
2015-06-29	2359	1	5	7560.26
2015-06-30	2360	1	5	20987.80
2015-07-01	2361	1	5	8233.52
2015-07-02	2362	1	5	7775.59
2015-07-03	2363	1	5	6844.76
2015-07-04	2364	1	5	5322.32
2015-07-05	2365	1	5	5404.37
2015-07-06	2366	1	5	26817.35
2015-07-07	2367	1	5	41866.12
2015-07-08	2368	1	5	68747.57
2015-07-09	2369	1	5	44565.99
2015-07-10	2370	1	5	36422.59
2015-07-11	2371	1	5	40062.56
2015-07-12	2372	1	5	44580.86
2015-07-13	2373	1	5	28651.14
2015-07-14	2374	1	5	16259.41
2015-07-15	2375	1	5	12302.88
2015-07-16	2376	1	5	9920.36
2015-07-17	2377	1	5	8867.94
2015-07-18	2378	1	5	6448.50
2015-07-19	2379	1	5	5540.92
2015-07-20	2380	1	5	6804.69
2015-07-21	2381	1	5	6529.54
2015-07-22	2382	1	5	6191.65
2015-07-23	2383	1	5	6077.43
2015-07-24	2384	1	5	5871.53
2015-07-25	2385	1	5	5016.48
2015-07-26	2386	1	5	5421.89
2015-07-27	2387	1	5	6050.13
2015-07-28	2388	1	5	7490.74
2015-07-29	2389	1	5	9827.42
2015-07-30	2390	1	5	9003.91
2015-07-31	2391	1	5	12259.37
2015-08-01	2392	1	5	11985.81
2015-08-02	2393	1	5	6519.59
2015-08-03	2394	1	5	10682.19
2015-08-04	2395	1	5	13334.37
2015-08-05	2396	1	5	14262.46
2015-08-06	2397	1	5	14832.73
2015-08-07	2398	1	5	8477.75
2015-08-08	2399	1	5	6240.04
2015-08-09	2400	1	5	5895.75
2015-08-10	2401	1	5	7778.85
2015-08-11	2402	1	5	7247.16
2015-08-12	2403	1	5	6985.06
2015-08-13	2404	1	5	6722.24
2015-08-14	2405	1	5	5624.14
2015-08-15	2406	1	5	5165.87
2015-08-16	2407	1	5	5240.52
2015-08-17	2408	1	5	6705.11
2015-08-18	2409	1	5	7246.40
2015-08-19	2410	1	5	6922.13
2015-08-20	2411	1	5	6482.09
2015-08-21	2412	1	5	7014.65
2015-08-22	2413	1	5	6324.28
2015-08-23	2414	1	5	5965.34
2015-08-24	2415	1	5	7250.99
2015-08-25	2416	1	5	6421.95
2015-08-26	2417	1	5	6058.43
2015-08-27	2418	1	5	6348.12
2015-08-28	2419	1	5	6322.27
2015-08-29	2420	1	5	5093.34
2015-08-30	2421	1	5	4923.25
2015-08-31	2422	1	5	6512.89
2015-09-01	2423	1	5	10450.99
2015-09-02	2424	1	5	57339.70
2015-09-03	2425	1	5	11691.04
2015-09-04	2426	1	5	8397.46
2015-09-05	2427	1	5	9595.56
2015-09-06	2428	1	5	9422.32
2015-09-07	2429	1	5	10923.03
2015-09-08	2430	1	5	10985.24
2015-09-09	2431	1	5	6529.16
2015-09-10	2432	1	5	5569.58
2015-09-11	2433	1	5	5792.14
2015-09-12	2434	1	5	5233.74
2015-09-13	2435	1	5	5252.70
2015-09-14	2436	1	5	6612.78
2015-09-15	2437	1	5	6519.43
2015-09-16	2438	1	5	6536.11
2015-09-17	2439	1	5	6760.36
2015-09-18	2440	1	5	6520.63
2015-09-19	2441	1	5	5438.43
2015-09-20	2442	1	5	5390.15
2015-09-21	2443	1	5	6980.37
2015-09-22	2444	1	5	7120.94
2015-09-23	2445	1	5	6677.10
2015-09-24	2446	1	5	6265.47
2015-09-25	2447	1	5	6407.00
2015-09-26	2448	1	5	5398.21
2015-09-27	2449	1	5	5349.28
2015-09-28	2450	1	5	7049.49
2015-09-29	2451	1	5	6938.54
2015-09-30	2452	1	5	6979.52
2015-10-01	2453	1	5	6609.57
2015-10-02	2454	1	5	6902.47
2015-10-03	2455	1	5	5178.59
2015-10-04	2456	1	5	5099.50
2015-10-05	2457	1	5	5992.23
2015-10-06	2458	1	5	6717.74
2015-10-07	2459	1	5	6392.03
2015-10-08	2460	1	5	6936.96
2015-10-09	2461	1	5	5817.20
2015-10-10	2462	1	5	5507.88
2015-10-11	2463	1	5	5248.02
2015-10-12	2464	1	5	6818.48
2015-10-13	2465	1	5	6699.81
2015-10-14	2466	1	5	7117.23
2015-10-15	2467	1	5	7398.46
2015-10-16	2468	1	5	7519.96
2015-10-17	2469	1	5	6814.65
2015-10-18	2470	1	5	6838.28
2015-10-19	2471	1	5	9039.48
2015-10-20	2472	1	5	9194.50
2015-10-21	2473	1	5	10023.71
2015-10-22	2474	1	5	9824.35
2015-10-23	2475	1	5	9017.83
2015-10-24	2476	1	5	8678.09
2015-10-25	2477	1	5	9719.54
2015-10-26	2478	1	5	8714.30
2015-10-27	2479	1	5	10098.70
2015-10-28	2480	1	5	10778.10
2015-10-29	2481	1	5	11175.80
2015-10-30	2482	1	5	10584.42
2015-10-31	2483	1	5	10493.80
2015-11-01	2484	1	5	10247.32
2015-11-02	2485	1	5	12169.14
2015-11-03	2486	1	5	13759.71
2015-11-04	2487	1	5	15128.60
2015-11-05	2488	1	5	14809.90
2015-11-06	2489	1	5	12756.96
2015-11-07	2490	1	5	10797.76
2015-11-08	2491	1	5	11188.35
2015-11-09	2492	1	5	13326.48
2015-11-10	2493	1	5	13191.11
2015-11-11	2494	1	5	12159.60
2015-11-12	2495	1	5	12323.82
2015-11-13	2496	1	5	12138.95
2015-11-14	2497	1	5	11719.47
2015-11-15	2498	1	5	9864.93
2015-11-16	2499	1	5	11967.59
2015-11-17	2500	1	5	11311.84
2015-11-18	2501	1	5	11994.30
2015-11-19	2502	1	5	10082.63
2015-11-20	2503	1	5	11058.17
2015-11-21	2504	1	5	9791.13
2015-11-22	2505	1	5	8737.63
2015-11-23	2506	1	5	10035.95
2015-11-24	2507	1	5	10611.49
2015-11-25	2508	1	5	11140.72
2015-11-26	2509	1	5	11440.64
2015-11-27	2510	1	5	12019.02
2015-11-28	2511	1	5	11434.54
2015-11-29	2512	1	5	10018.45
2015-11-30	2513	1	5	14061.52
2015-12-01	2514	1	5	13713.51
2015-12-02	2515	1	5	13513.63
2015-12-03	2516	1	5	11693.17
2015-12-04	2517	1	5	13704.14
2015-12-05	2518	1	5	15155.52
2015-12-06	2519	1	5	16247.51
2015-12-07	2520	1	5	16136.37
2015-12-08	2521	1	5	17146.85
2015-12-09	2522	1	5	19357.43
2015-12-10	2523	1	5	22901.39
2015-12-11	2524	1	5	23451.35
2015-12-12	2525	1	5	23763.82
2015-12-13	2526	1	5	26222.62
2015-12-14	2527	1	5	28750.17
2015-12-15	2528	1	5	30903.76
2015-12-16	2529	1	5	29782.42
2015-12-17	2530	1	5	31225.93
2015-12-18	2531	1	5	30621.06
2015-12-19	2532	1	5	30553.78
2015-12-20	2533	1	5	31934.47
2015-12-21	2534	1	5	34938.43
2015-12-22	2535	1	5	34210.05
2015-12-23	2536	1	5	36027.62
2015-12-24	2537	1	5	35404.29
2015-12-25	2538	1	5	32649.21
2015-12-26	2539	1	5	18902.63
2015-12-27	2540	1	5	13559.56
2015-12-28	2541	1	5	13691.37
2015-12-29	2542	1	5	14238.81
2015-12-30	2543	1	5	12803.34
2015-12-31	2544	1	5	10944.20
2016-01-01	2545	1	5	9434.94
2016-01-02	2546	1	5	11171.00
2016-01-03	2547	1	5	10241.41
2016-01-04	2548	1	5	12257.58
2016-01-05	2549	1	5	12391.79
2016-01-06	2550	1	5	12072.61
2016-01-07	2551	1	5	13160.08
2016-01-08	2552	1	5	11235.62
2016-01-09	2553	1	5	12346.48
2016-01-10	2554	1	5	13641.90
2016-01-11	2555	1	5	13516.78
2016-01-12	2556	1	5	13136.68
2016-01-13	2557	1	5	12876.84
2016-01-14	2558	1	5	11053.48
2016-01-15	2559	1	5	13401.77
2016-01-16	2560	1	5	12687.60
2016-01-17	2561	1	5	17640.82
2016-01-18	2562	1	5	16307.25
2016-01-19	2563	1	5	14421.57
2016-01-20	2564	1	5	15707.10
2016-01-21	2565	1	5	20240.03
2016-01-22	2566	1	5	15553.23
2016-01-23	2567	1	5	14009.99
2016-01-24	2568	1	5	13654.03
2016-01-25	2569	1	5	18276.74
2016-01-26	2570	1	5	21000.15
2016-01-27	2571	1	5	19939.88
2016-01-28	2572	1	5	22146.01
2016-01-29	2573	1	5	27572.62
2016-01-30	2574	1	5	20857.51
2016-01-31	2575	1	5	21607.57
2016-02-01	2576	1	5	37761.78
2016-02-02	2577	1	5	33595.30
2016-02-03	2578	1	5	18410.13
2016-02-04	2579	1	5	19493.78
2016-02-05	2580	1	5	23046.45
2016-02-06	2581	1	5	24722.20
2016-02-07	2582	1	5	22390.58
2016-02-08	2583	1	5	21297.31
