Dataset	Batch_Size	MCD_Insert_Time(ms)	UCR_Insert_Time(ms)	Insert_Time_Speedup	MCD_Insert_Visited	UCR_Insert_Visited	Insert_Space_Reduction	MCD_Remove_Time(ms)	UCR_Remove_Time(ms)	Remove_Time_Speedup	MCD_Remove_Visited	UCR_Remove_Visited	Remove_Space_Reduction
bitcoin-temporal	1	457.77	0.00	127832.64	2	2	1.00	224.64	0.02	13072.40	730	2	0.00
bitcoin-temporal	10	452.34	0.01	34654.17	20	20	1.00	223.95	0.06	3522.64	2551	24	0.01
bitcoin-temporal	100	454.79	0.09	5289.61	200	200	1.00	226.87	0.43	523.88	16122	239	0.01
bitcoin-temporal	1000	459.77	0.96	476.71	2000	2000	1.00	236.38	2.11	111.92	30881	2156	0.07
bitcoin-temporal	5000	470.89	6.13	76.84	10000	10005	1.00	237.63	7.72	30.78	41875	9491	0.23
bitcoin-temporal	10000	484.16	13.10	36.97	20029	20012	1.00	247.47	15.08	16.41	49408	17882	0.36
cit-Patents	1	84.47	0.00	28839.60	2	2	1.00	40.34	0.00	13605.73	2	2	1.00
cit-Patents	10	84.89	0.02	5394.26	20	20	1.00	40.60	0.01	2742.36	20	20	1.00
cit-Patents	100	84.71	0.08	1014.51	203	206	1.01	42.10	0.13	312.72	204	202	0.99
cit-Patents	1000	87.11	0.81	107.24	2004	2057	1.03	42.05	1.24	33.85	2024	2010	0.99
cit-Patents	5000	97.77	5.83	16.78	10038	10276	1.02	49.46	6.90	7.17	10079	10005	0.99
cit-Patents	10000	110.15	11.06	9.96	20050	20495	1.02	59.57	14.58	4.08	20065	19970	1.00
citation_network_10M	1	21.80	0.00	6189.59	2	2	1.00	10.28	0.00	2692.32	2	2	1.00
citation_network_10M	10	21.70	0.02	1397.89	24	23	0.96	10.30	0.01	741.09	20	20	1.00
citation_network_10M	100	22.16	0.09	250.02	204	226	1.11	10.56	0.11	94.78	205	200	0.98
citation_network_10M	1000	23.66	0.77	30.73	2068	2262	1.09	11.53	1.10	10.52	2024	2007	0.99
citation_network_10M	5000	30.28	4.97	6.10	10358	11315	1.09	17.18	5.85	2.94	10237	10128	0.99
citation_network_10M	10000	39.24	10.94	3.59	20640	22450	1.09	25.38	12.88	1.97	20475	20280	0.99
communication_1B	1	148.64	0.00	45165.10	2	2	1.00	72.44	0.00	17372.08	2	2	1.00
communication_1B	10	149.08	0.01	12228.75	20	20	1.00	72.62	0.02	3982.99	20	20	1.00
communication_1B	100	149.43	0.08	1778.49	200	203	1.01	72.81	0.15	476.51	200	200	1.00
communication_1B	1000	153.28	0.83	184.58	2000	2036	1.02	74.53	1.45	51.42	2000	2000	1.00
communication_1B	5000	165.05	5.54	29.79	9998	10182	1.02	84.20	7.73	10.90	10006	10006	1.00
communication_1B	10000	176.49	11.70	15.08	19994	20383	1.02	91.65	16.16	5.67	20030	20030	1.00
soc-LiveJournal1	1	69.94	0.00	19903.63	2	2	1.00	33.33	0.00	9516.53	2	2	1.00
soc-LiveJournal1	10	71.60	0.01	6081.32	20	21	1.05	35.21	0.02	2223.82	20	20	1.00
soc-LiveJournal1	100	70.30	0.08	869.69	200	205	1.02	34.01	0.13	258.67	224	205	0.92
soc-LiveJournal1	1000	72.89	0.82	88.93	2012	2059	1.02	35.04	1.26	27.79	2180	2045	0.94
soc-LiveJournal1	5000	83.00	5.40	15.37	10061	10283	1.02	42.07	6.72	6.26	10692	10073	0.94
soc-LiveJournal1	10000	95.60	11.27	8.48	20109	20499	1.02	51.94	14.68	3.54	21028	20036	0.95
social_media_100M	1	88.58	0.00	23249.27	2	2	1.00	41.91	0.00	11547.77	2	2	1.00
social_media_100M	10	88.80	0.01	8184.29	20	20	1.00	42.60	0.02	2493.93	20	20	1.00
social_media_100M	100	88.88	0.08	1061.12	200	209	1.04	42.75	0.14	302.58	200	200	1.00
social_media_100M	1000	91.06	0.80	113.28	2005	2068	1.03	44.33	1.33	33.24	2001	2001	1.00
social_media_100M	5000	99.97	5.59	17.89	10010	10378	1.04	51.20	7.44	6.88	10013	10012	1.00
social_media_100M	10000	111.00	11.05	10.05	19991	20714	1.04	60.81	15.49	3.93	20032	20032	1.00
sx-stackoverflow	1	49.92	0.00	14381.56	2	2	1.00	24.68	0.00	6145.65	95	2	0.02
sx-stackoverflow	10	50.11	0.01	4169.20	20	20	1.00	24.85	0.03	902.19	1342	21	0.02
sx-stackoverflow	100	50.31	0.08	624.18	200	200	1.00	25.62	0.25	102.96	5352	280	0.05
sx-stackoverflow	1000	53.24	0.78	67.96	1999	1999	1.00	28.06	1.43	19.68	9352	1835	0.20
sx-stackoverflow	5000	80.17	5.17	15.52	19467	10055	0.52	33.63	3.84	8.75	11667	4839	0.41
sx-stackoverflow	10000	91.13	11.09	8.21	29432	19994	0.68	37.07	6.21	5.97	11838	6615	0.56
sx-superuser	1	6.32	0.00	2279.62	2	2	1.00	2.94	0.00	634.51	30	2	0.07
sx-superuser	10	6.41	0.01	609.78	20	20	1.00	3.16	0.04	86.87	2181	23	0.01
sx-superuser	100	6.50	0.08	83.67	200	201	1.00	3.93	0.21	18.56	8449	217	0.03
sx-superuser	1000	31.72	0.69	45.97	17905	2055	0.11	7.57	1.22	6.19	18326	1668	0.09
sx-superuser	5000	48.19	3.95	12.20	27312	10034	0.37	11.24	4.11	2.74	21232	5447	0.26
sx-superuser	10000	67.24	8.82	7.62	38205	20011	0.52	14.98	7.06	2.12	22562	8561	0.38
temporal-reddit-reply	1	1.57	0.00	1079.50	2	2	1.00	0.78	0.00	428.61	2	2	1.00
temporal-reddit-reply	10	1.59	0.01	173.76	39	23	0.59	0.81	0.01	69.47	361	23	0.06
temporal-reddit-reply	100	8.77	0.10	91.45	8592	268	0.03	2.71	0.16	17.35	8733	269	0.03
temporal-reddit-reply	1000	39.06	0.86	45.20	12735	2477	0.19	4.34	0.94	4.61	11563	1781	0.15
temporal-reddit-reply	5000	70.46	4.08	17.26	18269	9758	0.53	7.54	3.73	2.02	14803	6324	0.43
temporal-reddit-reply	10000	78.80	7.60	10.37	21406	15448	0.72	9.01	6.83	1.32	17635	10894	0.62
wiki-talk-temporal	1	0.77	0.00	492.95	2	2	1.00	0.41	0.00	107.39	352	2	0.01
wiki-talk-temporal	10	1.47	0.01	111.30	5863	27	0.00	1.52	0.02	64.41	7158	20	0.00
wiki-talk-temporal	100	4.55	0.08	54.96	6031	217	0.04	1.81	0.16	11.36	10871	194	0.02
wiki-talk-temporal	1000	16.42	0.79	20.84	8977	2021	0.23	2.58	0.89	2.89	13219	1592	0.12
wiki-talk-temporal	5000	27.01	3.66	7.38	12512	7332	0.59	4.56	3.39	1.35	13730	5867	0.43
wiki-talk-temporal	10000	34.82	6.75	5.16	13512	10732	0.79	6.87	5.90	1.16	13840	9800	0.71
