Dataset	Batch_Size	MCD_Insert(ms)	UCR_Insert(ms)	Insert_Speedup	MCD_Remove(ms)	UCR_Remove(ms)	Remove_Speedup
bitcoin-temporal	1	454.70	0.00	139180.58	224.23	0.01	36728.68
bitcoin-temporal	10	450.03	0.01	37474.49	223.77	0.12	1872.36
bitcoin-temporal	100	450.17	0.07	6130.73	224.03	0.38	590.65
bitcoin-temporal	1000	454.84	0.78	583.41	231.08	1.77	130.39
cit-Patents	1	83.50	0.00	32039.53	40.23	0.00	14038.52
cit-Patents	10	83.54	0.01	6567.98	40.34	0.01	2809.96
cit-Patents	100	83.54	0.06	1319.22	40.31	0.11	353.82
cit-Patents	1000	86.25	0.77	111.99	41.99	1.09	38.44
citation_network_10M	1	21.19	0.00	6729.32	10.39	0.00	3641.71
citation_network_10M	10	21.16	0.01	1714.46	10.31	0.01	960.09
citation_network_10M	100	21.28	0.07	297.71	10.44	0.09	116.12
citation_network_10M	1000	22.55	0.70	32.19	11.48	0.85	13.58
communication_1B	1	147.16	0.00	53492.03	72.36	0.00	24704.13
communication_1B	10	146.40	0.01	17302.82	71.97	0.01	4956.12
communication_1B	100	147.08	0.07	2188.62	72.79	0.14	535.93
communication_1B	1000	148.90	0.72	207.09	73.64	1.26	58.48
soc-LiveJournal1	1	69.41	0.00	23005.24	33.48	0.00	12975.22
soc-LiveJournal1	10	69.76	0.01	7817.63	33.59	0.01	2492.99
soc-LiveJournal1	100	71.68	0.07	1079.12	33.49	0.11	308.98
soc-LiveJournal1	1000	71.67	0.66	108.22	34.92	1.01	34.50
social_media_100M	1	88.32	0.00	23432.39	42.79	0.00	15084.36
social_media_100M	10	88.40	0.01	8717.22	43.02	0.01	2933.99
social_media_100M	100	88.43	0.07	1344.40	42.99	0.13	338.67
social_media_100M	1000	90.24	0.67	134.51	44.40	1.14	39.07
sx-stackoverflow	1	49.85	0.00	13464.44	24.85	0.00	5144.58
sx-stackoverflow	10	49.99	0.01	5506.05	24.84	0.02	1076.41
sx-stackoverflow	100	50.21	0.06	806.38	25.02	0.21	119.51
sx-stackoverflow	1000	52.76	0.66	80.22	26.47	1.12	23.71
sx-superuser	1	6.15	0.00	2369.07	3.01	0.00	616.96
sx-superuser	10	6.19	0.01	761.61	2.99	0.03	116.75
sx-superuser	100	11.32	0.07	160.94	4.41	0.17	25.65
sx-superuser	1000	21.81	0.55	39.54	4.49	0.97	4.60
temporal-reddit-reply	1	1.51	0.00	581.56	0.78	0.01	146.53
temporal-reddit-reply	10	1.97	0.01	216.74	1.37	0.01	110.14
temporal-reddit-reply	100	5.81	0.09	65.95	1.69	0.12	13.63
temporal-reddit-reply	1000	21.05	0.74	28.59	2.07	0.79	2.63
wiki-talk-temporal	1	0.78	0.00	384.57	0.39	0.00	93.07
wiki-talk-temporal	10	0.74	0.01	93.92	0.41	0.02	16.67
wiki-talk-temporal	100	1.97	0.07	30.05	0.99	0.14	7.08
wiki-talk-temporal	1000	7.86	0.63	12.46	1.14	0.67	1.71
