Dataset	WindowSize	StepSize	RemoveEdges	AddEdges	BZ_Time(ms)	UCR_Time(ms)	Speedup	BZ_EdgePerMs	UCR_EdgePerMs
sx-stackoverflow	10	1	52132	52916	241.25	59.61	4.05	435.43	1762.24
sx-stackoverflow	10	2	94125	94953	216.50	102.86	2.10	873.32	1838.23
sx-stackoverflow	10	5	220659	214325	230.66	204.49	1.13	1885.86	2127.12
sx-stackoverflow	10	10	428336	418562	267.89	298.70	0.90	3161.34	2835.24
sx-stackoverflow	20	1	52132	50020	333.33	88.49	3.77	306.46	1154.36
sx-stackoverflow	20	2	94125	91111	313.56	159.58	1.96	590.76	1160.76
sx-stackoverflow	20	5	220659	210460	318.38	356.07	0.89	1354.12	1210.75
sx-stackoverflow	20	10	428336	423012	361.52	621.12	0.58	2354.93	1370.66
sx-stackoverflow	20	20	846898	884371	336.71	946.82	0.36	5141.72	1828.51
sx-stackoverflow	30	1	52132	48220	419.60	112.52	3.73	239.16	891.89
sx-stackoverflow	30	2	94125	96652	404.82	212.58	1.90	471.26	897.43
sx-stackoverflow	30	5	220659	229844	422.50	505.34	0.84	1066.28	891.48
sx-stackoverflow	30	10	428336	461359	464.11	911.95	0.51	1916.99	975.60
sx-stackoverflow	30	20	846898	888338	435.35	1478.29	0.29	3985.81	1173.81
sx-stackoverflow	30	30	1269910	1377277	419.64	1832.29	0.23	6308.25	1444.75
sx-stackoverflow	40	1	52132	49337	537.29	133.88	4.01	188.85	757.94
sx-stackoverflow	40	2	94125	105014	523.02	260.99	2.00	380.75	763.01
sx-stackoverflow	40	5	220659	235348	538.95	611.67	0.88	846.11	745.51
sx-stackoverflow	40	10	428336	426979	559.75	1095.91	0.51	1528.02	780.46
sx-stackoverflow	40	20	846898	915918	559.53	1975.43	0.28	3150.55	892.37
sx-stackoverflow	40	30	1269910	1447516	556.55	2627.95	0.21	4882.64	1034.05
sx-stackoverflow	40	40	1731269	1992862	649.95	3057.89	0.21	5729.88	1217.88
sx-stackoverflow	50	1	52132	40733	647.37	144.56	4.48	143.45	642.41
sx-stackoverflow	50	2	94125	100691	647.43	295.46	2.19	300.91	659.37
sx-stackoverflow	50	5	220659	241562	663.84	708.14	0.94	696.28	652.73
sx-stackoverflow	50	10	428336	488939	694.66	1378.47	0.50	1320.46	665.43
sx-stackoverflow	50	20	846898	1020537	707.92	2515.06	0.28	2637.93	742.50
sx-stackoverflow	50	30	1269910	1565883	712.63	3417.09	0.21	3979.32	829.88
sx-stackoverflow	50	40	1731269	2115917	790.39	4104.31	0.19	4867.48	937.35
sx-stackoverflow	50	50	2158248	2668093	815.79	4648.11	0.18	5916.14	1038.34
sx-stackoverflow	60	1	52132	48851	794.42	178.37	4.45	127.12	566.14
sx-stackoverflow	60	2	94125	107647	782.57	341.08	2.29	257.83	591.56
sx-stackoverflow	60	5	220659	260476	802.62	838.30	0.96	599.45	573.94
sx-stackoverflow	60	10	428336	531598	850.05	1640.36	0.52	1129.27	585.20
sx-stackoverflow	60	20	846898	1076944	877.28	3040.93	0.29	2192.97	632.65
sx-stackoverflow	60	30	1269910	1626978	886.90	4139.05	0.21	3266.31	699.89
sx-stackoverflow	60	40	1731269	2179154	968.22	5147.42	0.19	4038.79	759.69
sx-stackoverflow	60	50	2158248	2723228	1000.43	5842.64	0.17	4879.35	835.49
sx-stackoverflow	80	1	52132	45542	1159.78	209.54	5.53	84.22	466.13
sx-stackoverflow	80	2	94125	113089	1144.58	426.89	2.68	181.04	485.40
sx-stackoverflow	80	5	220659	271578	1161.11	1007.89	1.15	423.94	488.38
sx-stackoverflow	80	10	428336	550034	1210.28	2066.73	0.59	808.39	473.39
sx-stackoverflow	80	20	846898	1102210	1251.24	4008.25	0.31	1557.74	486.27
sx-stackoverflow	80	30	1269910	1646284	1264.10	5566.62	0.23	2306.93	523.87
sx-stackoverflow	80	40	1731269	2217661	1359.05	6962.05	0.20	2905.65	567.21
sx-stackoverflow	80	50	2158248	2799740	1383.62	8167.43	0.17	3583.34	607.04
sx-stackoverflow	100	1	52132	42554	1549.14	235.88	6.57	61.12	401.41
sx-stackoverflow	100	2	94125	108075	1536.36	496.68	3.09	131.61	407.11
sx-stackoverflow	100	5	220659	270008	1567.43	1200.64	1.31	313.04	408.67
sx-stackoverflow	100	10	428336	544074	1665.02	2483.42	0.67	584.02	391.56
sx-stackoverflow	100	20	846898	1115451	1672.95	4871.05	0.34	1172.98	402.86
sx-stackoverflow	100	30	1269910	1697530	1688.69	6844.35	0.25	1757.24	433.56
sx-stackoverflow	100	40	1731269	2265063	1797.57	8690.91	0.21	2223.18	459.83
sx-stackoverflow	100	50	2158248	2835477	1840.50	10260.23	0.18	2713.25	486.71
sx-stackoverflow	120	1	52132	38849	2000.05	250.87	7.97	45.49	362.67
sx-stackoverflow	120	2	94125	110953	2000.21	563.18	3.55	102.53	364.14
sx-stackoverflow	120	5	220659	292750	2029.12	1360.61	1.49	253.02	377.34
sx-stackoverflow	120	10	428336	582079	2106.99	2828.44	0.74	479.55	357.23
sx-stackoverflow	120	20	846898	1149612	2137.02	5591.05	0.38	934.25	357.09
sx-stackoverflow	120	30	1269910	1720026	2216.74	8058.13	0.28	1348.80	371.05
sx-stackoverflow	120	40	1731269	2324257	2299.89	10367.29	0.22	1763.36	391.18
sx-stackoverflow	120	50	2158248	2932133	2365.87	12458.57	0.19	2151.59	408.58
sx-stackoverflow	150	1	52132	46824	2802.64	324.95	8.62	35.31	304.53
sx-stackoverflow	150	2	94125	108886	2752.90	659.85	4.17	73.74	307.66
sx-stackoverflow	150	5	220659	304190	2819.73	1717.92	1.64	186.13	305.51
sx-stackoverflow	150	10	428336	604231	2878.49	3403.51	0.85	358.72	303.38
sx-stackoverflow	150	20	846898	1212107	2977.94	6869.35	0.43	691.42	299.74
sx-stackoverflow	150	30	1269910	1804585	3073.93	10004.58	0.31	1000.18	307.31
sx-stackoverflow	150	40	1731269	2419003	3189.72	13106.84	0.24	1301.14	316.65
sx-stackoverflow	150	50	2158248	3098730	3293.87	16025.81	0.21	1595.99	328.03
